-700,11425.5083095634
-699.5,11170.5491331688
-699,11638.7444009013
-698.5,11533.9651379475
-698,11523.9649570211
-697.5,11551.4996391458
-697,11296.8876447819
-696.5,11412.6654624978
-696,11681.9987359726
-695.5,11833.3896319352
-695,11521.8807807954
-694.5,11677.8724715494
-694,11599.6672694545
-693.5,11481.1589596809
-693,11475.8831288296
-692.5,11946.678649259
-692,11776.7021318161
-691.5,11670.0858027492
-691,11739.0245665792
-690.5,11638.6972547761
-690,11819.7290468974
-689.5,12026.8988446421
-689,11968.2752895113
-688.5,11745.4497839161
-688,12288.1511926168
-687.5,12255.1786489971
-687,12339.0079483579
-686.5,11956.554733246
-686,12484.1643795642
-685.5,12418.0117418942
-685,12419.7221821368
-684.5,12370.3361637185
-684,12514.5968212733
-683.5,12333.3190035166
-683,12183.8399571693
-682.5,12511.1625728037
-682,12267.314667793
-681.5,12572.9575509481
-681,12342.0924863549
-680.5,12200.5513011645
-680,12003.7362723019
-679.5,12034.3755423668
-679,12050.5646679929
-678.5,12463.3829486477
-678,12050.5650290992
-677.5,12181.7239887815
-677,12514.1658242962
-676.5,12376.3114166248
-676,12282.0131870795
-675.5,12088.3222544493
-675,12077.7877530792
-674.5,12392.5453398511
-674,12487.62734821
-673.5,12291.3529631027
-673,12528.994581278
-672.5,12216.4524930731
-672,12237.3473632268
-671.5,12582.9194367823
-671,12505.0892344865
-670.5,12612.5010843398
-670,12642.4328040251
-669.5,12750.1018793661
-669,12294.2955207321
-668.5,13101.2328404752
-668,12493.0429915118
-667.5,12876.9575512721
-667,13084.5473265295
-666.5,12613.4033599833
-666,12946.643063778
-665.5,13289.5554554598
-665,12973.7561415939
-664.5,12824.400108753
-664,12497.4188952977
-663.5,12886.6006147518
-663,12810.3917997483
-662.5,13005.9992779321
-662,13030.5469657565
-661.5,12849.7406074207
-661,12641.6842490095
-660.5,13140.5953761393
-660,13234.9479772078
-659.5,13434.2100794781
-659,13885.6591407139
-658.5,13394.8764458116
-658,13243.5933889519
-657.5,13393.8146680693
-657,13153.4976518389
-656.5,13224.1502892291
-656,13306.2940752573
-655.5,13700.9736278584
-655,14065.4678472918
-654.5,13706.7136927813
-654,14161.8598271778
-653.5,13710.1981579442
-653,13957.938764767
-652.5,14076.7108022889
-652,14012.47416959
-651.5,13940.010296768
-651,14028.0108385749
-650.5,14230.7662575929
-650,14083.3674138704
-649.5,14578.6800945136
-649,14255.5693643594
-648.5,14396.9871755587
-648,14520.7861276874
-647.5,14662.215860154
-647,14279.3945093589
-646.5,14601.6667273768
-646,14373.247471719
-645.5,14246.3948700773
-645,14427.2915466557
-644.5,14579.0363084841
-644,14853.1784690051
-643.5,14404.5661127943
-643,14711.3450148385
-642.5,14439.0005423293
-642,14782.166727243
-641.5,14559.7059251469
-641,14302.019147645
-640.5,14861.3592854687
-640,14669.0968214318
-639.5,14977.6974360323
-639,14822.6092856497
-638.5,15249.8917996295
-638,15576.7050222428
-637.5,15775.2194731604
-637,16228.6889459135
-636.5,15999.9750731037
-636,16072.7805283572
-635.5,16063.2315758057
-635,15968.1759399232
-634.5,15738.1707013479
-634,15290.2743865063
-633.5,15734.8130425068
-633,15172.3238805581
-632.5,15037.9813949888
-632,14341.539921232
-631.5,14426.1949063089
-631,14640.5688229614
-630.5,14543.3029269504
-630,14724.717125095
-629.5,14136.5747837951
-629,14267.0677390429
-628.5,14236.3856583541
-628,14279.6363807081
-627.5,14056.7053831913
-627,13788.3038300978
-626.5,13521.0989888866
-626,12860.4855495759
-625.5,12284.1175941733
-625,12419.3668717623
-624.5,13064.5285412775
-624,13760.3018431941
-623.5,14149.9631511504
-623,14902.249278178
-622.5,15560.8358030676
-622,16617.0281797579
-621.5,17711.61524626
-621,18920.6732302316
-620.5,19295.7140541078
-620,19477.5413665814
-619.5,19178.4510482835
-619,19338.6529992198
-618.5,18843.126987795
-618,18345.9626088993
-617.5,18206.9895240073
-617,17877.1607667666
-616.5,17566.0592493606
-616,17885.3200881732
-615.5,17589.2221828839
-615,16784.9380423748
-614.5,17403.3497119138
-614,17000.4660405202
-613.5,17006.1853326221
-613,15818.6103692392
-612.5,14934.0641258759
-612,14188.8115972414
-611.5,13156.6280712512
-611,12270.8079845976
-610.5,11646.8067200103
-610,11513.74169103
-609.5,10818.7783601667
-609,10969.5587070251
-608.5,10799.8401373233
-608,10934.948880237
-607.5,10732.3764449013
-607,10532.4385838294
-606.5,10365.3410406304
-606,10610.2521680689
-605.5,10223.0016255707
-605,10632.7471103046
-604.5,10880.131503276
-604,10694.538475992
-603.5,10636.4535769247
-603,10979.7444007687
-602.5,10581.8679555044
-602,10628.11831633
-601.5,10779.3043716017
-601,11025.2807084655
-600.5,10713.350252965
-600,10783.6614888645
-599.5,10720.6437866605
-599,10916.0074063563
-598.5,10858.9685697269
-598,11031.3213510733
-597.5,10631.0661130519
-597,11131.972904915
-596.5,11003.9105856911
-596,11005.6459541987
-595.5,10759.0249280856
-595,10875.1551665339
-594.5,10599.6889455751
-594,10828.1201232891
-593.5,11017.7397040369
-593,11016.740426418
-592.5,11103.3343574443
-592,11032.9400290936
-591.5,11158.1063949014
-591,11295.1371028975
-590.5,11104.1746750934
-590,11123.0498557569
-589.5,11055.9246753519
-589,11124.3959542025
-588.5,11171.3052748742
-588,11354.4703760029
-587.5,11684.1334900983
-587,11389.279624343
-586.5,11768.2902821329
-586,11448.0234831118
-585.5,11661.5502172178
-585,11481.2917271718
-584.5,11619.73247887
-584,11680.1914742401
-583.5,11901.6096464902
-583,11689.6679915036
-582.5,11652.3979410044
-582,11327.9788660863
-581.5,11557.5196895644
-581,11995.5520236792
-580.5,11486.7588512987
-580,12187.8394150523
-579.5,11933.2162216979
-579,11842.3305642953
-578.5,11963.7640902436
-578,12021.8453763876
-577.5,12095.6665464596
-577,11664.050036444
-576.5,12178.3695813312
-576,12267.8399570964
-575.5,12119.3292992141
-575,12098.9866335386
-574.5,12314.1584181323
-574,12537.2108028376
-573.5,12286.7704124947
-573,12243.1929192793
-572.5,12180.3735553119
-572,12464.5718936108
-571.5,12150.3385120287
-571,12293.6139816828
-570.5,12155.6636565213
-570,11244.8518790306
-569.5,10902.8950506203
-569,10813.1643789648
-568.5,10716.3399573151
-568,11213.491149402
-567.5,11635.9981939677
-567,12028.2218214326
-566.5,12609.2313950264
-566,12442.9107665759
-565.5,12498.7760122983
-565,12749.8011205949
-564.5,12911.1703397364
-564,13251.1900286453
-563.5,13174.9315395521
-563,13130.1548055243
-562.5,13107.9541189158
-562,13341.4770593942
-561.5,13427.0675582796
-561,13777.1575148022
-560.5,13718.1389098656
-560,13755.584538215
-559.5,13624.5298051214
-559,14008.294978325
-558.5,14329.6710623918
-558,14578.9234110559
-557.5,14882.1876814594
-557,15258.7362725341
-556.5,15280.1824430801
-556,14768.5738805712
-555.5,14437.7483747836
-555,14360.0617780309
-554.5,14245.0128252232
-554,14828.0429917812
-553.5,14815.8312865318
-553,14827.1074790801
-552.5,14892.3856579506
-552,14978.8126810588
-551.5,14882.6455929932
-551,15003.4497833413
-550.5,14947.7232666689
-550,14704.2991335376
-549.5,14727.8966762428
-549,14548.1889459225
-548.5,14794.3404991898
-548,14563.5328760609
-547.5,14407.3827677273
-547,14056.0993502176
-546.5,13809.6893067561
-546,13787.4878977884
-545.5,13393.7369946726
-545,13485.0619583295
-544.5,13343.0382951364
-544,13716.4920526815
-543.5,13338.0879701944
-543,13326.2556003379
-542.5,13130.5811060273
-542,13284.706466877
-541.5,13337.3352607079
-541,13121.5989888161
-540.5,13209.3180999942
-540,12934.3112359692
-539.5,13099.0908600685
-539,13342.7395234692
-538.5,13309.0366695973
-538,13558.5912214121
-537.5,13964.3047330437
-537,14099.0590687104
-536.5,14013.7151380347
-536,14463.1455929161
-535.5,14929.1914741465
-535,15242.5207737889
-534.5,16749.6228329835
-534,18583.6596828076
-533.5,22739.4866339175
-533,29132.0406437461
-532.5,39313.3717492662
-532,48975.4893429088
-531.5,49908.6643803295
-531,41377.9739897266
-530.5,32240.2100808886
-530,25252.4120313622
-529.5,18877.9367786998
-529,15558.6611278333
-528.5,14064.0856221608
-528,13728.9085988718
-527.5,13366.7677028454
-527,13289.3473626241
-526.5,12611.094653835
-526,12738.1938228107
-525.5,12871.1036850361
-525,12752.9985554037
-524.5,12783.9523121616
-524,12780.2794441053
-523.5,12997.0979043729
-523,13017.7745669981
-522.5,12702.0596099389
-522,12760.3740973324
-521.5,13094.7310335587
-521,12813.2407878846
-520.5,13379.3571173694
-520,13693.8901731049
-519.5,13901.1808171222
-519,13828.0516622495
-518.5,13923.6804553814
-518,13687.4192560386
-517.5,13873.2624641363
-517,13315.6152457526
-516.5,12941.1549855831
-516,13020.4394873542
-515.5,13471.5175221479
-515,13198.6988804145
-514.5,13014.5090317994
-514,13278.9963878684
-513.5,13530.9692922281
-513,13546.977962595
-512.5,13799.4893427259
-512,13939.2117054774
-511.5,14179.6708820014
-511,14313.024205808
-510.5,14319.2138735839
-510,14238.7357301555
-509.5,13862.7281434614
-509,14180.4635119756
-508.5,13778.0518426795
-508,14018.2731218263
-507.5,13751.0843570677
-507,13899.796785144
-506.5,13750.3222548717
-506,14152.303468657
-505.5,13664.9622474513
-505,13842.9801303943
-504.5,13833.9506868361
-504,14065.0166190482
-503.5,13914.1333099009
-503,14112.3229769697
-502.5,14127.1468575457
-502,13958.6867782343
-501.5,14196.0289020715
-501,13522.496749233
-500.5,13947.3598269702
-500,14109.6687143684
-499.5,13844.5305279367
-499,14078.6427029922
-498.5,14091.1192204405
-498,14517.298591666
-497.5,14087.2944366501
-497,14208.104407825
-496.5,14344.2413294473
-496,14561.7991336117
-495.5,14298.3291187053
-495,14395.7489165707
-494.5,15023.5083095034
-494,15538.8226162573
-493.5,15746.0401018294
-493,16141.5106577984
-492.5,15931.1802748503
-492,16526.2561418346
-491.5,17366.9747113078
-491,17740.049133539
-490.5,17995.1661857166
-490,18729.23825946
-489.5,18824.0283608272
-489,18949.266619283
-488.5,18878.3125006994
-488,18222.9257595561
-487.5,17730.7848632132
-487,17386.440932803
-486.5,16372.9841041314
-486,15773.097724491
-485.5,15736.0307086913
-485,15293.6972549291
-484.5,14995.789559933
-484,15453.1016981678
-483.5,15255.1253616556
-483,14925.8211710858
-482.5,14809.0478692136
-482,14420.6430641878
-481.5,14597.4506869099
-481,14451.2210988264
-480.5,14184.1795527346
-480,13860.0587071601
-479.5,14041.3370669676
-479,13884.1678113121
-478.5,14220.3432083591
-478,14057.2368139867
-477.5,13929.5563586309
-477,14318.1481218213
-476.5,13734.3119582169
-476,13821.5496753596
-475.5,13800.3148485686
-475,13940.000000667
-474.5,13829.2702317008
-474,13842.5119221811
-473.5,14378.5643067094
-473,14400.3423056143
-472.5,14264.8773487703
-472,14225.1828039415
-471.5,14544.2378973634
-471,14639.5621389767
-470.5,14261.4532154908
-470,14194.3665110235
-469.5,14512.8834904579
-469,14286.5102967995
-468.5,14747.4552032075
-468,14772.1501085435
-467.5,14280.0471461205
-467,14763.108743266
-466.5,15037.0648486108
-466,14670.3594660067
-465.5,14822.7360917411
-465,14959.2866698668
-464.5,14658.2095382587
-464,14645.1165101915
-463.5,14788.3287576221
-463,15033.3919806805
-462.5,15079.3222548567
-462,15206.3069011366
-461.5,15435.1558893882
-461,14890.8215321669
-460.5,15226.3621753332
-460,15040.0397405605
-459.5,15648.140354384
-459,15696.5890540467
-458.5,15524.1963518978
-458,15218.2501809879
-457.5,15411.0408241262
-457,15587.1835265603
-456.5,15142.4272045152
-456,15652.4179919526
-455.5,15716.8265901549
-455,15730.8220745413
-454.5,15845.2611997248
-454,15995.9703762603
-453.5,16214.8507952474
-453,16082.6860555999
-452.5,16468.5852603522
-452,16622.6410775788
-451.5,16728.5536496386
-451,16011.3321902052
-450.5,16125.9470742404
-450,16637.1127175101
-449.5,16840.4882593468
-449,16787.8647044419
-448.5,16411.3955934556
-448,16786.3616340205
-447.5,16625.7919076849
-447,16898.6074786889
-446.5,16982.727963152
-446,17171.0534689188
-445.5,17315.3842130389
-445,16643.5218576439
-444.5,17051.4360553319
-444,17404.8712073269
-443.5,17165.6423414878
-443,17376.9100438129
-442.5,17002.6488443444
-442,17146.4243142313
-441.5,17511.9629701207
-441,17529.5050583614
-440.5,17318.6069370698
-440,17329.1744948405
-439.5,17500.9170887079
-439,17514.3981220054
-438.5,17645.3249642817
-438,17191.1678111222
-437.5,17624.2899211407
-437,17768.8336353203
-436.5,18108.5968212827
-436,18052.5531075536
-435.5,18154.4017347856
-435,18330.1979776196
-434.5,18112.4360554972
-434,18200.0027095174
-433.5,18436.9826593814
-433,18122.6640182315
-432.5,18096.2630064706
-432,18162.6473988717
-431.5,18213.7378982401
-431,18213.589054026
-430.5,18927.4483390068
-430,19117.7682448431
-429.5,18757.6383678515
-429,19101.955745111
-428.5,18973.9660410953
-428,18721.4132955622
-427.5,18882.629335739
-427,18944.3786131477
-426.5,19088.4888014372
-426,19243.6138015934
-425.5,19431.3706655267
-425,19851.4954848701
-424.5,20072.4263016842
-424,19960.81177826
-423.5,20063.4416556191
-423,20610.21694477
-422.5,20115.9707377215
-422,20139.6743145026
-421.5,20823.6631158755
-421,20829.21170622
-420.5,20762.0027103413
-420,20643.2548779331
-419.5,21790.3094302684
-419,22875.0599719476
-418.5,24056.9638743965
-418,24123.6455939076
-417.5,24132.2183898888
-417,24694.4817568796
-416.5,23767.6959908002
-416,23362.9667636541
-415.5,22488.9983751252
-415,21893.9710990768
-414.5,21182.3412218503
-414,20656.4093219115
-413.5,19809.0830934791
-413,19171.6457743346
-412.5,18976.7333823766
-412,18119.9472554606
-411.5,16930.0527464156
-411,16426.33056446
-410.5,15492.1291554598
-410,15570.2655354598
-409.5,15986.223266692
-409,15480.6708816939
-408.5,15335.2033967538
-408,14678.1159684719
-407.5,14487.6325873466
-407,13733.0634037791
-406.5,13910.9324428195
-406,13605.1802749304
-405.5,13422.1018789257
-405,13046.069906441
-404.5,12537.7821536109
-404,12467.4580929916
-403.5,12186.5068646307
-403,11721.6009757888
-402.5,11622.7456651079
-402,11905.7075511534
-401.5,12322.1076597044
-401,12923.2411493455
-400.5,14466.8591045092
-400,16918.2142350079
-399.5,23246.9199794032
-399,41348.7967868691
-398.5,91729.2518119824
-398,170522.259042846
-397.5,180961.827684897
-397,87668.5724410887
-396.5,34689.0894169297
-396,21386.0746035212
-395.5,16779.0507590898
-395,14227.8186425336
-394.5,12484.8448345345
-394,11480.8666914376
-393.5,10668.9494225926
-393,10032.1340319076
-392.5,10104.7214599249
-392,9917.16437867831
-391.5,9851.90426294832
-391,9283.26932849994
-390.5,9324.51968947737
-390,9393.10133688333
-389.5,9219.36271690874
-389,8920.2225435122
-388.5,8555.38023869629
-388,8739.16528223554
-387.5,8841.69942229571
-387,8694.85567189279
-386.5,8912.58905357953
-386,8436.43551311247
-385.5,8368.42052012785
-385,8562.41184975672
-384.5,8372.77023123788
-384,8787.85747841777
-383.5,8539.45393798597
-383,8534.99187147208
-382.5,8798.86488476439
-382,8521.34573727484
-381.5,8762.1125360682
-381,8878.37012287135
-380.5,8777.55635867707
-380,8627.74638733934
-379.5,8818.74801334373
-379,8789.53576631872
-378.5,8490.92413276561
-378,8759.19544830717
-377.5,8578.95809273509
-377,8850.05997143303
-376.5,8824.80437178345
-376,9066.42088135203
-375.5,9010.31033264476
-375,8845.13312864825
-374.5,9078.17593966635
-374,8899.50180649144
-373.5,8688.64234136894
-373,8741.98121446848
-372.5,8955.62915464981
-372,8864.03955921067
-371.5,8698.65624982423
-371,8879.19020960262
-370.5,8708.75885148442
-370,9072.99512306777
-369.5,8812.82875720415
-369,8830.28016627373
-368.5,8826.58273129094
-368,9096.07261593221
-367.5,9084.46152483967
-367,8995.17196580351
-366.5,9011.00126494137
-366,8913.47145999792
-365.5,8940.71170548131
-365,9060.42142351019
-364.5,9093.17286886275
-364,8888.1277097312
-363.5,9271.22507220264
-363,9056.16203039506
-362.5,8891.3341766447
-362,9258.70538358933
-361.5,9246.16094686593
-361,9018.08833113898
-360.5,9247.05671988895
-360,9280.9443644242
-359.5,9177.82153189653
-359,9138.34122121784
-358.5,9181.5513006869
-358,9212.11127164798
-357.5,9250.83128641209
-357,9134.48049172343
-356.5,9180.9947618265
-356,9549.33110543491
-355.5,9401.67648116962
-355,9352.77438628281
-354.5,9437.72453056647
-354,9558.22850460571
-353.5,9349.28811430691
-353,9329.46224737053
-352.5,9504.77276060062
-352,9758.38728331803
-351.5,9259.78233381679
-351,9515.96206669064
-350.5,9425.67937147843
-350,9388.47958825109
-349.5,9680.97416941535
-349,9908.25451607492
-348.5,9772.2348268823
-348,9731.96622120307
-347.5,9670.53883705482
-347,9852.52980499091
-346.5,10073.3594654481
-346,9751.13872872279
-345.5,9812.75957402548
-345,9792.49006534281
-344.5,9782.50126481508
-344,9850.82297743674
-343.5,9964.22796292635
-343,9974.16419833742
-342.5,10116.9613440617
-342,10286.6396315042
-341.5,10249.9232303151
-341,9855.35224024573
-340.5,9970.8878255245
-340,10051.1799135124
-339.5,9878.73554912786
-339,10060.2167632468
-338.5,10183.5312505023
-338,10220.6446896336
-337.5,9891.08562125626
-337,10218.8325504393
-336.5,9895.63963169263
-336,10316.1038660538
-335.5,10395.51968973
-335,10516.604949672
-334.5,10523.6114525166
-334,10322.1638370166
-333.5,10552.945629112
-333,10616.4958458239
-332.5,10423.751445757
-332,10442.2509033904
-331.5,10484.3032878412
-331,10467.0251087277
-330.5,10420.6230132145
-330,10628.7671606572
-329.5,10870.3220739443
-329,10690.7850439134
-328.5,10870.5231216795
-328,10871.3912577077
-327.5,10769.9338879649
-327,10629.9214239068
-326.5,10666.9393067772
-326,10881.7696898078
-325.5,11025.4461708697
-325,10756.6746748759
-324.5,10745.1378251983
-324,10833.9454483817
-323.5,11412.0912212498
-323,11155.8078035694
-322.5,11095.1593210589
-322,10978.4290102832
-321.5,11186.1652820178
-321,11303.3255060474
-320.5,11286.0811056694
-320,11794.7962427584
-319.5,11755.20791196
-319,11328.2024930117
-318.5,11605.0451594982
-318,11600.0007229101
-317.5,11848.9544801214
-317,11833.9987357746
-316.5,11516.3202677253
-316,11741.4400289703
-315.5,11766.5572616508
-315,11533.7160408671
-314.5,11619.4965684922
-314,11926.0953761138
-313.5,11719.7490976448
-313,11915.3822257716
-312.5,11717.9037215144
-312,11769.8132229359
-311.5,11861.9548411199
-311,11800.1959902392
-310.5,11854.4474353769
-310,11830.5112000429
-309.5,11781.7931723496
-309,11785.9151014652
-308.5,12195.3950511105
-308,11821.0346822451
-307.5,11962.7738444694
-307,11670.5556357319
-306.5,11762.2158600523
-306,11906.683345392
-305.5,12018.3937862613
-305,12089.459357146
-304.5,11935.2131507089
-304,12072.1544441201
-303.5,12128.79263081
-303,11778.4617053234
-302.5,12038.2133313627
-302,12019.6674494816
-301.5,11916.7377167693
-301,12295.8103327675
-300.5,12257.8847549717
-300,12073.169617241
-299.5,11947.3352605626
-299,12258.1497473217
-298.5,12043.5312500742
-298,12301.7935331064
-297.5,12575.000903425
-297,12284.9197981196
-296.5,12223.1293357197
-296,12096.1436062605
-295.5,12433.8605497359
-295,12595.7736634424
-294.5,12510.8399570079
-294,12510.7030347697
-293.5,12536.9568281799
-293,12971.6000727583
-292.5,13218.526373103
-292,12979.1311420011
-291.5,13428.9826594981
-291,13357.9216044034
-290.5,13910.8968572962
-290,13701.0056003179
-289.5,14033.4564671969
-289,14170.9040824917
-288.5,14427.0850800824
-288,14978.5868864934
-287.5,15520.734285305
-287,16686.732117605
-286.5,19530.6483025129
-286,23694.8146681549
-285.5,28359.0843581058
-285,31898.0993505771
-284.5,34166.0671970216
-284,29176.673411945
-283.5,20429.4891624612
-283,15236.1490250626
-282.5,13292.8750005207
-282,12904.6712430993
-281.5,12351.6652818822
-281,12090.0261922587
-280.5,12033.1060336373
-280,12157.679371635
-279.5,11833.9593571466
-279,12093.0899570126
-278.5,11782.064306797
-278,11734.4098630547
-277.5,12190.4147399354
-277,11830.1844294275
-276.5,11778.1632948033
-276,11913.6054918005
-275.5,11575.372110006
-275,11678.6905710719
-274.5,11757.9384033922
-274,12126.6253613916
-273.5,12103.5063221678
-273,11757.5727963529
-272.5,11969.5363083071
-272,12197.2503617734
-271.5,11914.0520232625
-271,11928.68605511
-270.5,12222.515174
-270,12166.0012645358
-269.5,12411.7191115612
-269,12756.6979770621
-268.5,12034.2378976121
-268,12248.276914988
-267.5,12375.4412936659
-267,11980.6069365661
-266.5,12416.9443643531
-266,12564.9803111018
-265.5,12599.7485547888
-265,12175.8488078937
-264.5,12781.9954845482
-264,12586.1632950565
-263.5,12416.697796549
-263,12592.6549859353
-262.5,12672.5214959709
-262,12554.1311417371
-261.5,12588.6793715231
-261,12725.9105854319
-260.5,12734.9279267562
-260,12744.4685698112
-259.5,12270.8217124435
-259,13115.8103325683
-258.5,12969.6383672652
-258,13038.0117414346
-257.5,13291.0897762355
-257,12987.2725802055
-256.5,12974.1188589271
-256,12678.3249642084
-255.5,12792.3750002528
-255,13097.1251812418
-254.5,13045.8582012472
-254,13117.2308527672
-253.5,13149.1540827378
-253,12657.4167275008
-252.5,13043.9842853513
-252,13204.2702314224
-251.5,12899.3079844698
-251,13138.0942916874
-250.5,13295.2908242038
-250,13132.4900656317
-249.5,13120.7552384882
-249,12892.1719654123
-248.5,13287.0673772811
-248,13478.5032515517
-247.5,13553.7761929218
-247,13481.591402068
-246.5,13236.413114663
-246,13370.5117416008
-245.5,13687.5623199233
-245,13585.5460628962
-244.5,13244.8262288005
-244,13393.7861277012
-243.5,13683.2209177646
-243,13432.1463152453
-242.5,13558.3628982637
-242,13563.0231217464
-241.5,13499.2597546343
-241,13768.6183166705
-240.5,14001.0473268703
-240,13984.3423054193
-239.5,13930.2785408529
-239,14302.6428834209
-238.5,13782.1027822832
-238,14465.8311055879
-237.5,14353.4790466108
-237,14293.0205927709
-236.5,14667.7752894441
-236,14313.743136119
-235.5,14339.0095740521
-235,14681.6573340659
-234.5,14216.5565391464
-234,14691.4309974536
-233.5,14274.2330205595
-233,14547.7509035056
-232.5,14473.7828763671
-232,14503.0355857445
-231.5,14674.9571896066
-231,14420.9644148446
-230.5,14595.9477966992
-230,14975.8903543542
-229.5,14885.9727244923
-229,14750.7353691791
-228.5,14648.0133672029
-228,14396.9479770878
-227.5,14678.9766981796
-227,15202.2131505875
-226.5,14814.8890902339
-226,15010.9073341237
-225.5,15323.9844658002
-225,14993.0630422274
-224.5,14844.8603685286
-224,15144.6958092296
-223.5,15252.7541548862
-223,14969.6136206747
-222.5,14800.6101884195
-222,15112.6809974877
-221.5,15245.2481941842
-221,15723.5932088762
-220.5,15710.266980595
-220,15484.596640637
-219.5,15802.2740250269
-219,15756.3507954196
-218.5,15772.5534684628
-218,15860.9053472008
-217.5,15659.2236276447
-217,16191.2402462407
-216.5,16213.4006505806
-216,16040.931900791
-215.5,15838.6763008621
-215,15933.6701593485
-214.5,16068.377710218
-214,16293.9450874057
-213.5,16273.6623923528
-213,16125.7151378322
-212.5,16035.2315756002
-212,16165.225975975
-211.5,16213.6885839058
-211,16501.0030711358
-210.5,16423.4685702628
-210,17050.5874282571
-209.5,16702.4777819035
-209,16838.5883314543
-208.5,16578.0511204487
-208,16898.5410048223
-207.5,17566.0222189146
-207,16777.4669439599
-206.5,16929.5617782659
-206,17228.4869948591
-205.5,17309.5455206405
-205,17326.7550582424
-204.5,16757.9734470072
-204,17090.6649213225
-203.5,17214.9089600681
-203,16927.5321535364
-202.5,17631.3963148459
-202,17586.442919394
-201.5,17654.3011205541
-201,17345.8139457842
-200.5,17964.8047334232
-200,17647.2393433087
-199.5,17707.3704840449
-199,17900.3715686471
-198.5,17922.4839236541
-198,17804.5046971075
-197.5,17890.7290466499
-197,17846.610188025
-196.5,18420.4864529187
-196,18401.6363806412
-195.5,18284.6128975984
-195,18282.6483026326
-194.5,18691.6136202184
-194,19284.9371395906
-193.5,18661.1710619955
-193,18595.7138736727
-192.5,19168.6174140697
-192,18777.9091402758
-191.5,19134.8648849973
-191,19050.0467852975
-190.5,18994.2527100123
-190,19266.7973272896
-189.5,19427.656612016
-189,19421.7485559283
-188.5,19626.651012212
-188,19857.1781075755
-187.5,19813.5915832702
-187,20048.5959178413
-186.5,19710.6056723604
-186,20220.03197293
-185.5,20132.0225802605
-185,20774.4044444191
-184.5,20640.2001452745
-184,21133.7046608944
-183.5,21046.2160407457
-183,21064.3755428505
-182.5,21335.5921246565
-182,21727.5110200021
-181.5,21475.0944740717
-181,21781.0003625491
-180.5,21718.7854054212
-180,21679.9295527744
-179.5,21750.1651016922
-179,22173.9477969372
-178.5,21851.4712794054
-178,22169.2411495355
-177.5,22054.7958818904
-177,21359.0207742189
-176.5,21479.8648851314
-176,21236.1110920173
-175.5,20936.635838849
-175,20692.4076958399
-174.5,20504.8394153874
-174,20320.8139458748
-173.5,20220.2861279715
-173,20420.4118507243
-172.5,20688.3834911911
-172,20456.8645241754
-171.5,19834.1053115409
-171,20264.9337073619
-170.5,20223.3721101876
-170,20500.9221465214
-169.5,20785.4934976467
-169,20778.972543381
-168.5,20420.0036128209
-168,20387.2098993419
-167.5,20852.9248562391
-167,20188.2810701544
-166.5,20748.5803836462
-166,21090.0068649899
-165.5,21721.2091768924
-165,23229.3175584979
-164.5,24465.5722549988
-164,25927.3936065874
-163.5,28835.1365616916
-163,33742.7700519948
-162.5,40695.7572270885
-162,50617.2122489114
-161.5,61026.10603523
-161,67609.0402847362
-160.5,63244.0276395908
-160,52041.0516638577
-159.5,41375.7709544478
-159,34208.9062511037
-158.5,29633.9169086881
-158,27182.9920528451
-157.5,24731.6900296722
-157,23444.3419446608
-156.5,22835.8330935405
-156,22136.9261202223
-155.5,21498.8585630261
-155,21149.8215327408
-154.5,20785.8795163848
-154,20854.6044079297
-153.5,20690.0135484138
-153,20305.7404272215
-152.5,20383.4125731087
-152,20195.3103325608
-151.5,20604.8341773177
-151,20574.2368144823
-150.5,20103.7086350279
-150,20143.1342128488
-149.5,19877.4459901851
-149,20253.9436421847
-148.5,20344.7722192246
-148,19495.5334180628
-147.5,19705.888909495
-147,19892.6723273443
-146.5,19955.6295166396
-146,20152.4953037837
-145.5,19857.3314674502
-145,20691.6882233344
-144.5,20303.1215684916
-144,20144.0736999294
-143.5,20703.0482307474
-143,20280.656792062
-142.5,20345.102601816
-142,20667.0121035417
-141.5,20976.1154269705
-141,21247.2602963944
-140.5,21365.8697620627
-140,21602.6542638041
-139.5,21893.1002535175
-139,22003.4257594946
-138.5,21881.4385837491
-138,21888.4113085136
-137.5,22160.3394151903
-137,22452.5124643036
-136.5,22747.2321176975
-136,22920.4214240347
-135.5,23216.5157158366
-135,23408.1217491058
-134.5,23341.0800224826
-134,23918.4199792121
-133.5,24134.0077680782
-133,23815.8771683842
-132.5,23942.7516265201
-132,24830.2102608115
-131.5,25431.1977973069
-131,25268.9255790211
-130.5,25626.1553478118
-130,25882.1623925121
-129.5,26275.9801308246
-129,26836.5764097747
-128.5,26945.0563590762
-128,27297.8365250856
-127.5,27282.3968573692
-127,26967.7485556835
-126.5,27022.60693736
-126,27204.3999288919
-125.5,27014.1728689766
-125,27282.7743866609
-124.5,26827.0395602485
-124,26549.696351926
-123.5,25285.8549505155
-123,24359.2297693002
-122.5,23903.0061428514
-122,23939.3876452605
-121.5,23620.3928840035
-121,23464.2256153083
-120.5,22279.4539385029
-120,22162.2873922036
-119.5,21701.4541192794
-119,21368.2891988987
-118.5,20949.8032882373
-118,19875.1553467588
-117.5,19341.8470017776
-117,19263.1737725671
-116.5,19184.5935699621
-116,18929.1304196371
-115.5,19340.2388015105
-115,19318.6710627521
-114.5,19187.7265178458
-114,20413.946532576
-113.5,20766.6035046326
-113,22195.5991698362
-112.5,23848.9649576376
-112,26574.0655713199
-111.5,31720.5601527203
-111,38580.4850088738
-110.5,47853.7241701
-110,59049.4689336394
-109.5,68795.5193302444
-109,71505.3596489543
-108.5,69555.9624299315
-108,67381.0379351044
-107.5,70962.4427409384
-107,80601.8067232687
-106.5,95465.0377565505
-106,107663.331110064
-105.5,110702.173053502
-105,98047.2234512589
-104.5,77777.0240277763
-104,58652.7550602719
-103.5,44669.2095390266
-103,34787.7434989234
-102.5,28336.349170371
-102,23842.4904272925
-101.5,20498.3582016321
-101,17856.9299138684
-100.5,15832.9850080847
-100,14347.8618139023
-99.5,13442.503613227
-99,12457.7713151444
-98.5,11749.2745666534
-98,10747.9295524699
-97.5,10645.0794803619
-97,10474.6891261701
-96.5,10094.7655349195
-96,9600.17792661202
-95.5,9425.90046974767
-95,8952.82821571559
-94.5,8823.00812888022
-94,8857.39956675112
-93.5,8663.46134420838
-93,8390.17088146198
-92.5,8072.74530345021
-92,8382.21748599543
-91.5,8026.14468955829
-91,7947.90769525779
-90.5,8013.98573001278
-90,7912.53323724338
-89.5,7820.09519526292
-89,7835.13096085048
-88.5,7748.88312864869
-88,7654.99096841974
-87.5,7691.56737728134
-87,7503.8600075777
-86.5,7556.18298450738
-86,8015.80274614055
-85.5,7608.57388007341
-85,7525.61127173647
-84.5,7690.78901753445
-84,7742.85097574299
-83.5,7632.86578755513
-83,7461.01336743417
-82.5,7377.02727636136
-82,7327.66455917488
-81.5,7375.77384422694
-81,7668.9503254619
-80.5,7620.22597564497
-80,7539.40877903501
-79.5,7721.85675622981
-79,7606.65932109073
-78.5,8008.56882263285
-78,7675.31123560649
-77.5,8094.50776788674
-77,7808.7223631032
-76.5,8081.57586727439
-76,9230.8769874075
-75.5,9389.76716069169
-75,8766.4105855774
-74.5,8697.49819355907
-74,9358.68804226866
-73.5,8826.05979057314
-73,8395.92774582218
-72.5,8195.77926337769
-72,8169.56394547467
-71.5,8324.55346824855
-71,8068.51734124632
-70.5,7965.11903920256
-70,8461.87373579471
-69.5,8361.23681385196
-69,8446.49584552302
-68.5,8103.06972567589
-68,8192.06755788293
-67.5,8288.24295538386
-67,8326.01119975492
-66.5,8463.7118858771
-66,8637.88186442438
-65.5,8360.57333821735
-65,8585.49692941515
-64.5,8564.30256509527
-64,8661.77890187871
-63.5,8880.50072278351
-63,8380.77872153392
-62.5,8591.29262982122
-62,8714.55057814615
-61.5,8690.41600446865
-61,8757.69761591593
-60.5,8983.87789036534
-60,8976.71513738638
-59.5,9145.65625007594
-59,8999.34754366903
-58.5,9132.02384425169
-58,9056.55184256486
-57.5,9112.16871420002
-57,9244.73717506235
-56.5,9573.31520997604
-56,9525.18497161836
-55.5,9295.07568653451
-55,9766.69888040275
-54.5,9812.83941474446
-54,9600.75668401577
-53.5,9999.51842535776
-53,9943.30075909259
-52.5,10218.6542632977
-52,9916.68009397088
-51.5,10298.43479065
-51,10290.0245668969
-50.5,10163.7129699306
-50,10278.5912210587
-49.5,10628.2565031733
-49,10518.6744944217
-48.5,10293.4320812572
-48,10732.9644154413
-47.5,10687.7863080066
-47,11085.7682447974
-46.5,10996.2407879896
-46,11456.1958097969
-45.5,11721.1118140744
-45,11948.7792634428
-44.5,12308.7285045829
-44,12186.3578395508
-43.5,12226.2023126486
-43,12408.2238078421
-42.5,12811.6591402948
-42,13056.5191477701
-41.5,13966.9600801044
-41,14262.0193285541
-40.5,14783.9143793811
-40,14606.8256868428
-39.5,14288.0852608616
-39,13896.655708366
-38.5,13288.2183889242
-38,13124.291907984
-37.5,12529.6345739305
-37,11466.8757230527
-36.5,11415.8536857586
-36,10544.2651737754
-35.5,10291.558164966
-35,10202.4201592892
-34.5,9574.247109947
-34,9520.78703069139
-33.5,8907.35061428123
-33,8971.39143815445
-32.5,8461.00361305422
-32,8146.16510135615
-31.5,8016.42070122774
-31,8137.19725476675
-30.5,7977.55527499643
-30,7850.87355515442
-29.5,7599.4562863697
-29,7606.68713899611
-28.5,7299.26499302861
-28,7142.05039757425
-27.5,7059.28016634422
-27,6913.32658999498
-26.5,7019.18172007306
-26,7452.66365648914
-25.5,7765.68587462479
-25,8153.22525324042
-24.5,8844.06376492978
-24,10235.2550584722
-23.5,11596.7960630652
-23,14454.484105002
-22.5,21074.1437872368
-22,37863.6327693073
-21.5,70203.4595403889
-21,117734.158240735
-20.5,145111.63692566
-20,114569.780891342
-19.5,54140.0919446473
-19,23289.5847184719
-18.5,14484.694184073
-18,11666.6226521274
-17.5,10315.0316115363
-17,9118.95574464745
-16.5,7681.82225445917
-16,6099.49963899726
-15.5,4761.76589611844
-15,3989.77276027059
-14.5,3618.36669086364
-14,3170.65769512021
-13.5,3031.39414743834
-13,2792.3795160436
-12.5,2704.75722540229
-12,2587.37373562637
-11.5,2819.93533236415
-11,3216.86488432516
-10.5,3985.5798409317
-10,5127.99096772312
-9.5,5439.63728305385
-9,5239.78992040527
-8.5,4743.29823002953
-8,4393.33977618101
-7.5,4133.26083821557
-7,4138.32839613565
-6.5,4206.01445102868
-6,4434.4729047956
-5.5,4381.85422711606
-5,4331.77817919063
-4.5,3941.56033241958
-4,3319.56954469717
-3.5,2704.60386565562
-3,2221.56990611394
-2.5,1870.90263728378
-2,1639.87770957321
-1.5,1465.54497832117
-1,1383.17828757245
-0.5,1363.67485549337
0,1347.76607660571
0.5,1296.33905344583
1,1277.29353321431
1.5,1275.52023120348
2,1233.50072252516
2.5,1244.25559969159
3,1242.06394507803
3.5,1246.49421966919
4,1236.93984826214
4.5,1238.21278901309
5,1229.26914738921
