-10.5999999999999
-10.5903999999999
-10.5807999999999
-10.5711999999999
-10.5615999999999
-10.5519999999999
-10.5423999999999
-10.5327999999999
-10.5231999999999
-10.5135999999999
-10.5039999999999
-10.4943999999999
-10.4847999999999
-10.4751999999999
-10.4655999999999
-10.4559999999999
-10.4463999999999
-10.4367999999999
-10.4271999999999
-10.4175999999999
-10.4079999999999
-10.3983999999999
-10.3887999999999
-10.3791999999999
-10.3695999999999
-10.3599999999999
-10.3503999999999
-10.3407999999999
-10.3311999999999
-10.3215999999999
-10.3119999999999
-10.3023999999999
-10.2927999999999
-10.2831999999999
-10.2735999999999
-10.2639999999999
-10.2543999999999
-10.2447999999999
-10.2351999999999
-10.2255999999999
-10.2159999999999
-10.2063999999999
-10.1967999999999
-10.1871999999999
-10.1775999999999
-10.1679999999999
-10.1583999999999
-10.1487999999999
-10.1391999999999
-10.1295999999999
-10.1199999999999
-10.1103999999999
-10.1007999999999
-10.0911999999999
-10.0815999999999
-10.0719999999999
-10.0623999999999
-10.0527999999999
-10.0431999999999
-10.0335999999999
-10.0239999999999
-10.0143999999999
-10.0047999999999
-9.99519999999992
-9.98559999999992
-9.97599999999992
-9.96639999999992
-9.95679999999992
-9.94719999999992
-9.93759999999992
-9.92799999999992
-9.91839999999992
-9.90879999999992
-9.89919999999992
-9.88959999999992
-9.87999999999992
-9.87039999999992
-9.86079999999992
-9.85119999999992
-9.84159999999992
-9.83199999999992
-9.82239999999992
-9.81279999999992
-9.80319999999992
-9.79359999999992
-9.78399999999992
-9.77439999999992
-9.76479999999992
-9.75519999999992
-9.74559999999992
-9.73599999999992
-9.72639999999992
-9.71679999999992
-9.70719999999992
-9.69759999999992
-9.68799999999992
-9.67839999999992
-9.66879999999992
-9.65919999999992
-9.64959999999992
-9.63999999999992
-9.63039999999992
-9.62079999999992
-9.61119999999992
-9.60159999999992
-9.59199999999992
-9.58239999999992
-9.57279999999992
-9.56319999999992
-9.55359999999992
-9.54399999999992
-9.53439999999992
-9.52479999999992
-9.51519999999992
-9.50559999999992
-9.49599999999992
-9.48639999999993
-9.47679999999992
-9.46719999999993
-9.45759999999992
-9.44799999999993
-9.43839999999993
-9.42879999999992
-9.41919999999993
-9.40959999999993
-9.39999999999993
-9.39039999999993
-9.38079999999993
-9.37119999999993
-9.36159999999993
-9.35199999999993
-9.34239999999993
-9.33279999999993
-9.32319999999993
-9.31359999999993
-9.30399999999993
-9.29439999999993
-9.28479999999993
-9.27519999999993
-9.26559999999993
-9.25599999999993
-9.24639999999993
-9.23679999999993
-9.22719999999993
-9.21759999999993
-9.20799999999993
-9.19839999999993
-9.18879999999993
-9.17919999999993
-9.16959999999993
-9.15999999999993
-9.15039999999993
-9.14079999999993
-9.13119999999993
-9.12159999999993
-9.11199999999993
-9.10239999999993
-9.09279999999993
-9.08319999999993
-9.07359999999993
-9.06399999999993
-9.05439999999993
-9.04479999999993
-9.03519999999993
-9.02559999999993
-9.01599999999993
-9.00639999999993
-8.99679999999993
-8.98719999999993
-8.97759999999993
-8.96799999999993
-8.95839999999993
-8.94879999999993
-8.93919999999993
-8.92959999999993
-8.91999999999993
-8.91039999999993
-8.90079999999993
-8.89119999999993
-8.88159999999993
-8.87199999999993
-8.86239999999993
-8.85279999999993
-8.84319999999993
-8.83359999999993
-8.82399999999993
-8.81439999999993
-8.80479999999993
-8.79519999999993
-8.78559999999993
-8.77599999999993
-8.76639999999994
-8.75679999999993
-8.74719999999994
-8.73759999999993
-8.72799999999993
-8.71839999999994
-8.70879999999994
-8.69919999999994
-8.68959999999993
-8.67999999999994
-8.67039999999994
-8.66079999999994
-8.65119999999994
-8.64159999999994
-8.63199999999994
-8.62239999999994
-8.61279999999994
-8.60319999999994
-8.59359999999994
-8.58399999999994
-8.57439999999994
-8.56479999999994
-8.55519999999994
-8.54559999999994
-8.53599999999994
-8.52639999999994
-8.51679999999994
-8.50719999999994
-8.49759999999994
-8.48799999999994
-8.47839999999994
-8.46879999999994
-8.45919999999994
-8.44959999999994
-8.43999999999994
-8.43039999999994
-8.42079999999994
-8.41119999999994
-8.40159999999994
-8.39199999999994
-8.38239999999994
-8.37279999999994
-8.36319999999994
-8.35359999999994
-8.34399999999994
-8.33439999999994
-8.32479999999994
-8.31519999999994
-8.30559999999994
-8.29599999999994
-8.28639999999994
-8.27679999999994
-8.26719999999994
-8.25759999999994
-8.24799999999994
-8.23839999999994
-8.22879999999994
-8.21919999999994
-8.20959999999994
-8.19999999999994
-8.19039999999994
-8.18079999999994
-8.17119999999994
-8.16159999999994
-8.15199999999994
-8.14239999999994
-8.13279999999994
-8.12319999999994
-8.11359999999994
-8.10399999999994
-8.09439999999994
-8.08479999999994
-8.07519999999994
-8.06559999999994
-8.05599999999994
-8.04639999999995
-8.03679999999994
-8.02719999999994
-8.01759999999994
-8.00799999999995
-7.99839999999995
-7.98879999999995
-7.97919999999995
-7.96959999999995
-7.95999999999995
-7.95039999999995
-7.94079999999995
-7.93119999999995
-7.92159999999995
-7.91199999999995
-7.90239999999995
-7.89279999999995
-7.88319999999995
-7.87359999999995
-7.86399999999995
-7.85439999999995
-7.84479999999995
-7.83519999999995
-7.82559999999995
-7.81599999999995
-7.80639999999995
-7.79679999999995
-7.78719999999995
-7.77759999999995
-7.76799999999995
-7.75839999999995
-7.74879999999995
-7.73919999999995
-7.72959999999995
-7.71999999999995
-7.71039999999995
-7.70079999999995
-7.69119999999995
-7.68159999999995
-7.67199999999995
-7.66239999999995
-7.65279999999995
-7.64319999999995
-7.63359999999995
-7.62399999999995
-7.61439999999995
-7.60479999999995
-7.59519999999995
-7.58559999999995
-7.57599999999995
-7.56639999999995
-7.55679999999995
-7.54719999999995
-7.53759999999995
-7.52799999999995
-7.51839999999995
-7.50879999999995
-7.49919999999995
-7.48959999999995
-7.47999999999995
-7.47039999999995
-7.46079999999995
-7.45119999999995
-7.44159999999995
-7.43199999999995
-7.42239999999995
-7.41279999999995
-7.40319999999995
-7.39359999999995
-7.38399999999995
-7.37439999999995
-7.36479999999995
-7.35519999999995
-7.34559999999995
-7.33599999999995
-7.32639999999995
-7.31679999999995
-7.30719999999995
-7.29759999999995
-7.28799999999995
-7.27839999999996
-7.26879999999996
-7.25919999999996
-7.24959999999995
-7.23999999999996
-7.23039999999996
-7.22079999999996
-7.21119999999996
-7.20159999999996
-7.19199999999996
-7.18239999999996
-7.17279999999996
-7.16319999999996
-7.15359999999996
-7.14399999999996
-7.13439999999996
-7.12479999999996
-7.11519999999996
-7.10559999999996
-7.09599999999996
-7.08639999999996
-7.07679999999996
-7.06719999999996
-7.05759999999996
-7.04799999999996
-7.03839999999996
-7.02879999999996
-7.01919999999996
-7.00959999999996
-6.99999999999996
-6.99039999999996
-6.98079999999996
-6.97119999999996
-6.96159999999996
-6.95199999999996
-6.94239999999996
-6.93279999999996
-6.92319999999996
-6.91359999999996
-6.90399999999996
-6.89439999999996
-6.88479999999996
-6.87519999999996
-6.86559999999996
-6.85599999999996
-6.84639999999996
-6.83679999999996
-6.82719999999996
-6.81759999999996
-6.80799999999996
-6.79839999999996
-6.78879999999996
-6.77919999999996
-6.76959999999996
-6.75999999999996
-6.75039999999996
-6.74079999999996
-6.73119999999996
-6.72159999999996
-6.71199999999996
-6.70239999999996
-6.69279999999996
-6.68319999999996
-6.67359999999996
-6.66399999999996
-6.65439999999996
-6.64479999999996
-6.63519999999996
-6.62559999999996
-6.61599999999996
-6.60639999999996
-6.59679999999996
-6.58719999999996
-6.57759999999996
-6.56799999999996
-6.55839999999997
-6.54879999999997
-6.53919999999997
-6.52959999999997
-6.51999999999997
-6.51039999999997
-6.50079999999997
-6.49119999999997
-6.48159999999997
-6.47199999999997
-6.46239999999997
-6.45279999999997
-6.44319999999997
-6.43359999999997
-6.42399999999997
-6.41439999999997
-6.40479999999997
-6.39519999999997
-6.38559999999997
-6.37599999999997
-6.36639999999997
-6.35679999999997
-6.34719999999997
-6.33759999999997
-6.32799999999997
-6.31839999999997
-6.30879999999997
-6.29919999999997
-6.28959999999997
-6.27999999999997
-6.27039999999997
-6.26079999999997
-6.25119999999997
-6.24159999999997
-6.23199999999997
-6.22239999999997
-6.21279999999997
-6.20319999999997
-6.19359999999997
-6.18399999999997
-6.17439999999997
-6.16479999999997
-6.15519999999997
-6.14559999999997
-6.13599999999997
-6.12639999999997
-6.11679999999997
-6.10719999999997
-6.09759999999997
-6.08799999999997
-6.07839999999997
-6.06879999999997
-6.05919999999997
-6.04959999999997
-6.03999999999997
-6.03039999999997
-6.02079999999997
-6.01119999999997
-6.00159999999997
-5.99199999999997
-5.98239999999997
-5.97279999999997
-5.96319999999997
-5.95359999999997
-5.94399999999997
-5.93439999999997
-5.92479999999997
-5.91519999999997
-5.90559999999997
-5.89599999999997
-5.88639999999997
-5.87679999999997
-5.86719999999997
-5.85759999999997
-5.84799999999997
-5.83839999999998
-5.82879999999998
-5.81919999999998
-5.80959999999998
-5.79999999999997
-5.79039999999998
-5.78079999999998
-5.77119999999998
-5.76159999999998
-5.75199999999998
-5.74239999999998
-5.73279999999998
-5.72319999999998
-5.71359999999998
-5.70399999999998
-5.69439999999998
-5.68479999999998
-5.67519999999998
-5.66559999999998
-5.65599999999998
-5.64639999999998
-5.63679999999998
-5.62719999999998
-5.61759999999998
-5.60799999999998
-5.59839999999998
-5.58879999999998
-5.57919999999998
-5.56959999999998
-5.55999999999998
-5.55039999999998
-5.54079999999998
-5.53119999999998
-5.52159999999998
-5.51199999999998
-5.50239999999998
-5.49279999999998
-5.48319999999998
-5.47359999999998
-5.46399999999998
-5.45439999999998
-5.44479999999998
-5.43519999999998
-5.42559999999998
-5.41599999999998
-5.40639999999998
-5.39679999999998
-5.38719999999998
-5.37759999999998
-5.36799999999998
-5.35839999999998
-5.34879999999998
-5.33919999999998
-5.32959999999998
-5.31999999999998
-5.31039999999998
-5.30079999999998
-5.29119999999998
-5.28159999999998
-5.27199999999998
-5.26239999999998
-5.25279999999998
-5.24319999999998
-5.23359999999998
-5.22399999999998
-5.21439999999998
-5.20479999999998
-5.19519999999998
-5.18559999999998
-5.17599999999998
-5.16639999999998
-5.15679999999998
-5.14719999999998
-5.13759999999998
-5.12799999999999
-5.11839999999999
-5.10879999999999
-5.09919999999998
-5.08959999999998
-5.07999999999998
-5.07039999999999
-5.06079999999999
-5.05119999999999
-5.04159999999999
-5.03199999999999
-5.02239999999999
-5.01279999999999
-5.00319999999999
-4.99359999999999
-4.98399999999999
-4.97439999999999
-4.96479999999999
-4.95519999999999
-4.94559999999999
-4.93599999999999
-4.92639999999999
-4.91679999999999
-4.90719999999999
-4.89759999999999
-4.88799999999999
-4.87839999999999
-4.86879999999999
-4.85919999999999
-4.84959999999999
-4.83999999999999
-4.83039999999999
-4.82079999999999
-4.81119999999999
-4.80159999999999
-4.79199999999999
-4.78239999999999
-4.77279999999999
-4.76319999999999
-4.75359999999999
-4.74399999999999
-4.73439999999999
-4.72479999999999
-4.71519999999999
-4.70559999999999
-4.69599999999999
-4.68639999999999
-4.67679999999999
-4.66719999999999
-4.65759999999999
-4.64799999999999
-4.63839999999999
-4.62879999999999
-4.61919999999999
-4.60959999999999
-4.59999999999999
-4.59039999999999
-4.58079999999999
-4.57119999999999
-4.56159999999999
-4.55199999999999
-4.54239999999999
-4.53279999999999
-4.52319999999999
-4.51359999999999
-4.50399999999999
-4.49439999999999
-4.48479999999999
-4.47519999999999
-4.46559999999999
-4.45599999999999
-4.44639999999999
-4.43679999999999
-4.42719999999999
-4.41759999999999
-4.408
-4.3984
-4.38879999999999
-4.37919999999999
-4.36959999999999
-4.35999999999999
-4.3504
-4.3408
-4.3312
-4.3216
-4.312
-4.3024
-4.2928
-4.2832
-4.2736
-4.264
-4.2544
-4.2448
-4.2352
-4.2256
-4.216
-4.2064
-4.1968
-4.1872
-4.1776
-4.168
-4.1584
-4.1488
-4.1392
-4.1296
-4.12
-4.1104
-4.1008
-4.0912
-4.0816
-4.072
-4.0624
-4.0528
-4.0432
-4.0336
-4.024
-4.0144
-4.0048
-3.9952
-3.9856
-3.976
-3.9664
-3.9568
-3.9472
-3.9376
-3.928
-3.9184
-3.9088
-3.8992
-3.8896
-3.88
-3.8704
-3.8608
-3.8512
-3.8416
-3.832
-3.8224
-3.8128
-3.8032
-3.7936
-3.784
-3.7744
-3.7648
-3.7552
-3.7456
-3.736
-3.7264
-3.7168
-3.7072
-3.6976
-3.688
-3.6784
-3.6688
-3.6592
-3.6496
-3.64000000000001
-3.63040000000001
-3.62080000000001
-3.61120000000001
-3.60160000000001
-3.59200000000001
-3.58240000000001
-3.57280000000001
-3.56320000000001
-3.55360000000001
-3.54400000000001
-3.53440000000001
-3.52480000000001
-3.51520000000001
-3.50560000000001
-3.49600000000001
-3.48640000000001
-3.47680000000001
-3.46720000000001
-3.45760000000001
-3.44800000000001
-3.43840000000001
-3.42880000000001
-3.41920000000001
-3.40960000000001
-3.40000000000001
-3.39040000000001
-3.38080000000001
-3.37120000000001
-3.36160000000001
-3.35200000000001
-3.34240000000001
-3.33280000000001
-3.32320000000001
-3.31360000000001
-3.30400000000001
-3.29440000000001
-3.28480000000001
-3.27520000000001
-3.26560000000001
-3.25600000000001
-3.24640000000001
-3.23680000000001
-3.22720000000001
-3.21760000000001
-3.20800000000001
-3.19840000000001
-3.18880000000001
-3.17920000000001
-3.16960000000001
-3.16000000000001
-3.15040000000001
-3.14080000000001
-3.13120000000001
-3.12160000000001
-3.11200000000001
-3.10240000000001
-3.09280000000001
-3.08320000000001
-3.07360000000001
-3.06400000000001
-3.05440000000001
-3.04480000000001
-3.03520000000001
-3.02560000000001
-3.01600000000001
-3.00640000000001
-2.99680000000001
-2.98720000000001
-2.97760000000001
-2.96800000000001
-2.95840000000001
-2.94880000000001
-2.93920000000001
-2.92960000000001
-2.92000000000002
-2.91040000000002
-2.90080000000002
-2.89120000000002
-2.88160000000002
-2.87200000000002
-2.86240000000002
-2.85280000000002
-2.84320000000002
-2.83360000000002
-2.82400000000002
-2.81440000000002
-2.80480000000002
-2.79520000000002
-2.78560000000002
-2.77600000000002
-2.76640000000002
-2.75680000000002
-2.74720000000002
-2.73760000000002
-2.72800000000002
-2.71840000000002
-2.70880000000002
-2.69920000000002
-2.68960000000002
-2.68000000000002
-2.67040000000002
-2.66080000000002
-2.65120000000002
-2.64160000000002
-2.63200000000002
-2.62240000000002
-2.61280000000002
-2.60320000000002
-2.59360000000002
-2.58400000000002
-2.57440000000002
-2.56480000000002
-2.55520000000002
-2.54560000000002
-2.53600000000002
-2.52640000000002
-2.51680000000002
-2.50720000000002
-2.49760000000002
-2.48800000000002
-2.47840000000002
-2.46880000000002
-2.45920000000002
-2.44960000000002
-2.44000000000002
-2.43040000000002
-2.42080000000002
-2.41120000000002
-2.40160000000002
-2.39200000000002
-2.38240000000002
-2.37280000000002
-2.36320000000002
-2.35360000000002
-2.34400000000002
-2.33440000000002
-2.32480000000002
-2.31520000000002
-2.30560000000002
-2.29600000000002
-2.28640000000002
-2.27680000000002
-2.26720000000002
-2.25760000000002
-2.24800000000002
-2.23840000000003
-2.22880000000002
-2.21920000000003
-2.20960000000002
-2.20000000000003
-2.19040000000003
-2.18080000000003
-2.17120000000003
-2.16160000000002
-2.15200000000003
-2.14240000000003
-2.13280000000003
-2.12320000000003
-2.11360000000003
-2.10400000000003
-2.09440000000003
-2.08480000000003
-2.07520000000003
-2.06560000000003
-2.05600000000003
-2.04640000000003
-2.03680000000003
-2.02720000000003
-2.01760000000003
-2.00800000000003
-1.99840000000003
-1.98880000000003
-1.97920000000003
-1.96960000000003
-1.96000000000003
-1.95040000000003
-1.94080000000003
-1.93120000000003
-1.92160000000003
-1.91200000000003
-1.90240000000003
-1.89280000000003
-1.88320000000003
-1.87360000000003
-1.86400000000003
-1.85440000000003
-1.84480000000003
-1.83520000000003
-1.82560000000003
-1.81600000000003
-1.80640000000003
-1.79680000000003
-1.78720000000003
-1.77760000000003
-1.76800000000003
-1.75840000000003
-1.74880000000003
-1.73920000000003
-1.72960000000003
-1.72000000000003
-1.71040000000003
-1.70080000000003
-1.69120000000003
-1.68160000000003
-1.67200000000003
-1.66240000000003
-1.65280000000003
-1.64320000000003
-1.63360000000003
-1.62400000000003
-1.61440000000003
-1.60480000000003
-1.59520000000003
-1.58560000000003
-1.57600000000003
-1.56640000000003
-1.55680000000003
-1.54720000000003
-1.53760000000003
-1.52800000000003
-1.51840000000004
-1.50880000000003
-1.49920000000004
-1.48960000000003
-1.48000000000004
-1.47040000000004
-1.46080000000003
-1.45120000000004
-1.44160000000003
-1.43200000000004
-1.42240000000004
-1.41280000000004
-1.40320000000004
-1.39360000000004
-1.38400000000004
-1.37440000000004
-1.36480000000004
-1.35520000000004
-1.34560000000004
-1.33600000000004
-1.32640000000004
-1.31680000000004
-1.30720000000004
-1.29760000000004
-1.28800000000004
-1.27840000000004
-1.26880000000004
-1.25920000000004
-1.24960000000004
-1.24000000000004
-1.23040000000004
-1.22080000000004
-1.21120000000004
-1.20160000000004
-1.19200000000004
-1.18240000000004
-1.17280000000004
-1.16320000000004
-1.15360000000004
-1.14400000000004
-1.13440000000004
-1.12480000000004
-1.11520000000004
-1.10560000000004
-1.09600000000004
-1.08640000000004
-1.07680000000004
-1.06720000000004
-1.05760000000004
-1.04800000000004
-1.03840000000004
-1.02880000000004
-1.01920000000004
-1.00960000000004
-1.00000000000004
-0.990400000000042
-0.980800000000041
-0.971200000000042
-0.961600000000042
-0.952000000000043
-0.942400000000042
-0.932800000000043
-0.923200000000042
-0.913600000000043
-0.904000000000043
-0.894400000000044
-0.884800000000043
-0.875200000000044
-0.865600000000043
-0.856000000000044
-0.846400000000044
-0.836800000000045
-0.827200000000044
-0.817600000000045
-0.808000000000044
-0.798400000000045
-0.788800000000045
-0.779200000000046
-0.769600000000045
-0.760000000000044
-0.750400000000045
-0.740800000000045
-0.731200000000046
-0.721600000000045
-0.712000000000046
-0.702400000000045
-0.692800000000046
-0.683200000000046
-0.673600000000047
-0.664000000000046
-0.654400000000047
-0.644800000000046
-0.635200000000047
-0.625600000000047
-0.616000000000048
-0.606400000000047
-0.596800000000048
-0.587200000000047
-0.577600000000048
-0.568000000000048
-0.558400000000049
-0.548800000000048
-0.539200000000049
-0.529600000000048
-0.520000000000048
-0.510400000000049
-0.500800000000048
-0.491200000000049
-0.481600000000048
-0.472000000000049
-0.462400000000049
-0.45280000000005
-0.443200000000049
-0.43360000000005
-0.424000000000049
-0.41440000000005
-0.40480000000005
-0.395200000000051
-0.38560000000005
-0.376000000000051
-0.36640000000005
-0.356800000000051
-0.347200000000051
-0.337600000000052
-0.328000000000051
-0.318400000000052
-0.308800000000051
-0.299200000000051
-0.289600000000052
-0.280000000000051
-0.270400000000052
-0.260800000000051
-0.251200000000052
-0.241600000000052
-0.232000000000053
-0.222400000000052
-0.212800000000053
-0.203200000000052
-0.193600000000053
-0.184000000000053
-0.174400000000054
-0.164800000000053
-0.155200000000054
-0.145600000000053
-0.136000000000054
-0.126400000000054
-0.116800000000055
-0.107200000000054
-0.097600000000055
-0.0880000000000543
-0.0784000000000553
-0.0688000000000546
-0.0592000000000539
-0.0496000000000549
-0.0400000000000542
-0.0304000000000553
-0.0208000000000546
-0.0112000000000556
-0.00160000000005489
0.00799999999994405
0.0175999999999448
0.0271999999999437
0.0367999999999444
0.0463999999999434
0.0559999999999441
0.065599999999943
0.0751999999999438
0.0847999999999427
0.0943999999999434
0.103999999999942
0.113599999999943
0.123199999999942
0.132799999999943
0.142399999999942
0.151999999999942
0.161599999999941
0.171199999999942
0.180799999999943
0.190399999999942
0.199999999999942
0.209599999999941
0.219199999999942
0.228799999999941
0.238399999999942
0.247999999999941
0.257599999999941
0.26719999999994
0.276799999999941
0.28639999999994
0.295999999999941
0.30559999999994
0.31519999999994
0.324799999999939
0.33439999999994
0.343999999999939
0.35359999999994
0.363199999999939
0.372799999999939
0.382399999999938
0.391999999999939
0.40159999999994
0.411199999999939
0.420799999999939
0.430399999999938
0.439999999999939
0.449599999999938
0.459199999999939
0.468799999999938
0.478399999999938
0.487999999999937
0.497599999999938
0.507199999999937
0.516799999999938
0.526399999999937
0.535999999999937
0.545599999999936
0.555199999999937
0.564799999999936
0.574399999999937
0.583999999999936
0.593599999999936
0.603199999999935
0.612799999999936
0.622399999999935
0.631999999999936
0.641599999999936
0.651199999999935
0.660799999999936
0.670399999999935
0.679999999999936
0.689599999999935
0.699199999999935
0.708799999999934
0.718399999999935
0.727999999999934
0.737599999999935
0.747199999999934
0.756799999999934
0.766399999999933
0.775999999999934
0.785599999999933
0.795199999999934
0.804799999999933
0.814399999999933
0.823999999999932
0.833599999999933
0.843199999999932
0.852799999999933
0.862399999999932
0.871999999999932
0.881599999999933
0.891199999999932
0.900799999999933
0.910399999999932
0.919999999999932
0.929599999999931
0.939199999999932
0.948799999999931
0.958399999999932
0.967999999999931
0.977599999999931
0.98719999999993
0.996799999999931
1.00639999999993
1.01599999999993
1.02559999999993
1.03519999999993
1.04479999999993
1.05439999999993
1.06399999999993
1.07359999999993
1.08319999999993
1.09279999999993
1.10239999999993
1.11199999999993
1.12159999999993
1.13119999999993
1.14079999999993
1.15039999999993
1.15999999999993
1.16959999999993
1.17919999999993
1.18879999999993
1.19839999999993
1.20799999999993
1.21759999999993
1.22719999999993
1.23679999999993
1.24639999999993
1.25599999999993
1.26559999999993
1.27519999999993
1.28479999999993
1.29439999999993
1.30399999999993
1.31359999999993
1.32319999999993
1.33279999999993
1.34239999999993
1.35199999999993
1.36159999999993
1.37119999999993
1.38079999999993
1.39039999999993
1.39999999999993
1.40959999999992
1.41919999999993
1.42879999999992
1.43839999999993
1.44799999999992
1.45759999999992
1.46719999999992
1.47679999999992
1.48639999999992
1.49599999999992
1.50559999999992
1.51519999999992
1.52479999999992
1.53439999999992
1.54399999999992
1.55359999999992
1.56319999999992
1.57279999999992
1.58239999999992
1.59199999999992
1.60159999999992
1.61119999999992
1.62079999999992
1.63039999999992
1.63999999999992
1.64959999999992
1.65919999999992
1.66879999999992
1.67839999999992
1.68799999999992
1.69759999999992
1.70719999999992
1.71679999999992
1.72639999999992
1.73599999999992
1.74559999999992
1.75519999999992
1.76479999999992
1.77439999999992
1.78399999999992
1.79359999999992
1.80319999999992
1.81279999999992
1.82239999999992
1.83199999999992
1.84159999999992
1.85119999999992
1.86079999999992
1.87039999999992
1.87999999999992
1.88959999999992
1.89919999999992
1.90879999999992
1.91839999999992
1.92799999999992
1.93759999999992
1.94719999999992
1.95679999999992
1.96639999999992
1.97599999999992
1.98559999999992
1.99519999999992
2.00479999999992
2.01439999999992
2.02399999999992
2.03359999999992
2.04319999999992
2.05279999999992
2.06239999999992
2.07199999999992
2.08159999999992
2.09119999999992
2.10079999999992
2.11039999999992
2.11999999999992
2.12959999999991
2.13919999999992
2.14879999999991
2.15839999999992
2.16799999999991
2.17759999999991
2.18719999999991
2.19679999999991
2.20639999999991
2.21599999999991
2.22559999999991
2.23519999999991
2.24479999999991
2.25439999999991
2.26399999999991
2.27359999999991
2.28319999999991
2.29279999999991
2.30239999999991
2.31199999999991
2.32159999999991
2.33119999999991
2.34079999999991
2.35039999999991
2.35999999999991
2.36959999999991
2.37919999999991
2.38879999999991
2.39839999999991
2.40799999999991
2.41759999999991
2.42719999999991
2.43679999999991
2.44639999999991
2.45599999999991
2.46559999999991
2.47519999999991
2.48479999999991
2.49439999999991
2.50399999999991
2.51359999999991
2.52319999999991
2.53279999999991
2.54239999999991
2.55199999999991
2.56159999999991
2.57119999999991
2.58079999999991
2.59039999999991
2.59999999999991
