#DataThief C:\Users\mario\Downloads\Screenshot 2025-05-09 154323.png Freitag 9-Mai-2025 3:54:16 PM
-9.1672, 99.7412
-9.1676, 99.1645
-9.168, 98.5878
-9.1536, 98.0128
-9.154, 97.4361
-9.1544, 96.8594
-9.1548, 96.2827
-9.1404, 95.7077
-9.1409, 95.131
-9.1413, 94.5543
-9.1417, 93.9776
-9.1421, 93.4009
-9.1425, 92.8242
-9.1429, 92.2475
-9.1433, 91.6707
-9.1437, 91.0941
-9.1441, 90.5175
-9.1445, 89.9407
-9.1449, 89.3641
-9.1453, 88.7873
-9.1457, 88.2107
-9.1461, 87.634
-9.1465, 87.0573
-9.1469, 86.4806
-9.1473, 85.9039
-9.1477, 85.3272
-9.1481, 84.7505
-9.1485, 84.1738
-9.1489, 83.5971
-9.1493, 83.0204
-9.1497, 82.4437
-9.1501, 81.867
-9.1505, 81.2903
-9.1509, 80.7136
-9.1513, 80.1369
-9.1517, 79.5602
-9.1521, 78.9835
-9.1377, 78.4085
-9.1381, 77.8317
-9.1385, 77.2551
-9.1389, 76.6784
-9.1393, 76.1017
-9.1397, 75.5251
-9.1401, 74.9484
-9.1405, 74.3717
-9.1409, 73.795
-9.1265, 73.22
-9.1269, 72.6433
-9.1273, 72.0666
-9.1277, 71.4899
-9.128, 70.9132
-9.1285, 70.3365
-9.1289, 69.7598
-9.1293, 69.1831
-9.1149, 68.608
-9.1153, 68.0314
-9.1157, 67.4546
-9.1161, 66.878
-9.1165, 66.3013
-9.117, 65.7246
-9.1174, 65.1479
-9.1178, 64.5712
-9.1182, 63.9945
-9.1186, 63.4178
-9.119, 62.8411
-9.1194, 62.2644
-9.1198, 61.6877
-9.1054, 61.1128
-9.1058, 60.5361
-9.1062, 59.9594
-9.1066, 59.3827
-9.107, 58.806
-9.1074, 58.2293
-9.1078, 57.6526
-9.1082, 57.0759
-9.1086, 56.4992
-9.109, 55.9224
-9.1094, 55.3458
-9.1098, 54.7691
-9.1102, 54.1924
-9.1106, 53.6157
-9.111, 53.039
-9.1114, 52.4623
-9.1118, 51.8856
-9.1122, 51.3089
-9.1126, 50.7322
-9.0982, 50.1572
-9.0986, 49.5805
-9.099, 49.0038
-9.0994, 48.4271
-9.0998, 47.8504
-9.1002, 47.2738
-9.1006, 46.6971
-9.101, 46.1204
-9.1014, 45.5436
-9.087, 44.9687
-9.0874, 44.392
-9.0878, 43.8153
-9.0882, 43.2386
-9.0886, 42.6619
-9.089, 42.0852
-9.0894, 41.5085
-9.075, 40.9335
-9.0754, 40.3568
-9.0758, 39.7801
-9.0762, 39.2034
-9.0767, 38.6267
-9.0771, 38.05
-9.0775, 37.4733
-9.0779, 36.8965
-9.0783, 36.3199
-9.0787, 35.7431
-9.0791, 35.1665
-9.0795, 34.5897
-9.0651, 34.0149
-9.0655, 33.4382
-9.0659, 32.8615
-9.0663, 32.2848
-9.0667, 31.7081
-9.0671, 31.1314
-9.0675, 30.5547
-9.0679, 29.978
-9.0683, 29.4013
-9.0687, 28.8246
-9.0691, 28.2479
-9.0695, 27.6712
-9.0699, 27.0945
-9.0555, 26.5194
-9.0559, 25.9428
-9.0563, 25.366
-9.0567, 24.7894
-9.0571, 24.2127
-9.0575, 23.636
-9.0579, 23.0593
-9.0583, 22.4826
-9.0439, 21.9076
-9.0443, 21.3309
-9.0447, 20.7542
-9.0451, 20.1776
-9.0455, 19.6009
-9.0459, 19.0242
-9.0463, 18.4475
-9.0319, 17.8725
-9.0323, 17.2958
-9.0327, 16.7191
-9.0331, 16.1424
-9.0335, 15.5657
-9.0339, 14.9889
-9.0343, 14.4123
-9.0199, 13.8373
-9.0204, 13.2606
-9.0208, 12.6839
-9.0212, 12.1072
-9.0216, 11.5305
-9.022, 10.9538
-9.0224, 10.3771
-9.0228, 9.8004
-9.0232, 9.2237
-9.0088, 8.6487
-9.0092, 8.072
-9.0096, 7.4953
-9.01, 6.9186
-9.0104, 6.342
-9.0108, 5.7652
-9.0112, 5.1886
-9.0116, 4.6118
-9.012, 4.0352
-9.0124, 3.4585
-9.0128, 2.8818
-9.0132, 2.3051
-9.0136, 1.7284
-9.014, 1.1517
-8.9996, 0.5767
-9.0, -1.4211e-14
-9.0004, -0.5767
-9.0008, -1.1534
-9.0012, -1.7301
-9.0016, -2.3068
-9.002, -2.8835
-9.0024, -3.4602
-9.0028, -4.0369
-9.0032, -4.6136
-8.9888, -5.1886
-8.9891, -5.7652
-8.9896, -6.342
-8.99, -6.9186
-8.9904, -7.4953
-8.9908, -8.072
-8.9912, -8.6487
-8.9916, -9.2254
-8.992, -9.8021
-8.9924, -10.3788
-8.9928, -10.9555
-8.9931, -11.5322
-8.9936, -12.1089
-8.994, -12.6856
-8.9944, -13.2623
-8.9948, -13.839
-8.9805, -14.414
-8.9809, -14.9907
-8.9813, -15.5674
-8.9817, -16.1441
-8.9821, -16.7208
-8.9677, -17.2958
-8.9681, -17.8725
-8.9685, -18.4492
-8.9689, -19.0259
-8.9693, -19.6026
-8.9697, -20.1793
-8.9553, -20.7542
-8.9557, -21.3309
-8.9561, -21.9076
-8.9565, -22.4843
-8.9569, -23.061
-8.9425, -23.636
-8.9428, -24.2127
-8.9433, -24.7894
-8.9437, -25.366
-8.9293, -25.9411
-8.9297, -26.5178
-8.9301, -27.0945
-8.9304, -27.6712
-8.9161, -28.2462
-8.9165, -28.8229
-8.9169, -29.3996
-8.9024, -29.9746
-8.9029, -30.5513
-8.9033, -31.128
-8.9037, -31.7046
-8.8893, -32.2796
-8.8897, -32.8563
-8.8901, -33.433
-8.8904, -34.0097
-8.8761, -34.5847
-8.8766, -35.1614
-8.877, -35.7381
-8.8774, -36.3148
-8.8778, -36.8915
-8.8634, -37.4665
-8.8638, -38.0432
-8.8641, -38.6199
-8.8646, -39.1966
-8.865, -39.7732
-8.8654, -40.35
-8.851, -40.925
-8.8514, -41.5017
-8.8518, -42.0784
-8.8521, -42.6551
-8.8526, -43.2318
-8.8382, -43.8067
-8.8386, -44.3834
-8.839, -44.9601
-8.8394, -45.5368
-8.8397, -46.1135
-8.8254, -46.6885
-8.8258, -47.2652
-8.8262, -47.8418
-8.8266, -48.4186
-8.827, -48.9952
-8.8126, -49.5703
-8.813, -50.147
-8.8134, -50.7237
-8.8138, -51.3004
-8.8142, -51.8771
-8.7997, -52.4521
-8.8002, -53.0288
-8.8006, -53.6055
-8.801, -54.1822
-8.8014, -54.7589
-8.7871, -55.3338
-8.7875, -55.9104
-8.7879, -56.4872
-8.7883, -57.0639
-8.7887, -57.6406
-8.7891, -58.2173
-8.7747, -58.7923
-8.7751, -59.369
-8.7755, -59.9457
-8.7759, -60.5224
-8.7763, -61.0991
-8.7619, -61.6741
-8.7623, -62.2508
-8.7627, -62.8275
-8.7631, -63.4042
-8.7635, -63.9809
-8.749, -64.5558
-8.7495, -65.1326
-8.7499, -65.7093
-8.7503, -66.286
-8.7507, -66.8627
-8.7363, -67.4377
-8.7367, -68.0143
-8.737, -68.591
-8.7375, -69.1677
-8.7379, -69.7444
-8.7235, -70.3194
-8.7239, -70.8961
-8.7243, -71.4727
-8.7247, -72.0495
-8.7103, -72.6245
-8.7107, -73.2012
-8.7111, -73.7779
-8.7115, -74.3546
-8.6972, -74.9296
-8.6976, -75.5063
-8.698, -76.083
-8.6984, -76.6597
-8.6987, -77.2364
-8.6844, -77.8114
-8.6848, -78.3881
-8.6852, -78.9647
-8.6856, -79.5415
-8.6712, -80.1164
-8.6716, -80.6931
-8.672, -81.2698
-8.6724, -81.8465
-8.658, -82.4215
-8.6583, -82.9982
-8.6588, -83.5749
-8.6592, -84.1516
-8.6448, -84.7266
-8.6452, -85.3033
-8.6456, -85.88
-8.646, -86.4567
-8.6316, -87.0317
-8.632, -87.6084
-8.6324, -88.1851
-8.6328, -88.7618
-8.6183, -89.3368
-8.6188, -89.9135
-8.6192, -90.4902
-8.6196, -91.0668
-8.6052, -91.6418
-8.6056, -92.2185
-8.6059, -92.7952
-8.5917, -93.3702
-8.592, -93.9468
-8.5925, -94.5236
-8.5929, -95.1003
-8.5785, -95.6753
-8.5789, -96.252
-8.5793, -96.8287
-8.5649, -97.4037
-8.5653, -97.9804
-8.5657, -98.5571
-8.5513, -99.132
-8.5516, -99.7088
-8.5521, -100.2854
-8.5525, -100.8622
-8.5529, -101.4389
-8.5533, -102.0156
-8.5389, -102.5905
-8.5393, -103.1672
-8.5396, -103.7439
-8.5401, -104.3206
-8.5405, -104.8973
-8.5261, -105.4723
-8.5265, -106.049
-8.5269, -106.6257
-8.5272, -107.2024
-8.5276, -107.7791
-8.5133, -108.3541
-8.5137, -108.9308
-8.5141, -109.5074
-8.5145, -110.0842
-8.5149, -110.6609
-8.5152, -111.2376
-8.5009, -111.8126
-8.5013, -112.3893
-8.5017, -112.966
-8.5021, -113.5427
-8.5026, -114.1194
-8.503, -114.696
-8.4886, -115.271
-8.4889, -115.8477
-8.4894, -116.4243
-8.4898, -117.0011
-8.4902, -117.5777
-8.4906, -118.1545
-8.4762, -118.7295
-8.4766, -119.3062
-8.4769, -119.8829
-8.4774, -120.4596
-8.463, -121.0346
-8.4634, -121.6113
-8.4638, -122.188
-8.4642, -122.7647
-8.4498, -123.3397
-8.4502, -123.9163
-8.4506, -124.4931
-8.451, -125.0698
-8.4365, -125.6447
-8.437, -126.2214
-8.4374, -126.7981
-8.423, -127.3731
-8.4234, -127.9498
-8.4238, -128.5265
-8.4242, -129.1032
-8.4245, -129.6799
-8.4102, -130.2549
-8.4106, -130.8316
-8.411, -131.4083
-8.4114, -131.9849
-8.4118, -132.5617
-8.3975, -133.1367
-8.3979, -133.7134
-8.3982, -134.2901
-8.3987, -134.8668
-8.3991, -135.4435
-8.3847, -136.0185
-8.3851, -136.5952
-8.3855, -137.1719
-8.3859, -137.7485
-8.3862, -138.3252
-8.3867, -138.9019
-8.3723, -139.4769
-8.3727, -140.0536
-8.3731, -140.6303
-8.3735, -141.207
-8.3739, -141.7837
-8.3595, -142.3587
-8.3599, -142.9354
-8.3603, -143.5121
-8.3607, -144.0888
-8.3611, -144.6655
-8.3467, -145.2405
-8.3471, -145.8172
-8.3475, -146.3939
-8.3479, -146.9706
-8.3483, -147.5473
-8.3338, -148.1223
-8.3343, -148.6989
-8.3347, -149.2757
-8.3351, -149.8523
-8.3355, -150.429
-8.3359, -151.0057
-8.3363, -151.5824
-8.3219, -152.1574
-8.3223, -152.7341
-8.3227, -153.3108
-8.3231, -153.8875
-8.3235, -154.4642
-8.3239, -155.0409
-8.3243, -155.6176
-8.31, -156.1926
-8.3104, -156.7692
-8.3108, -157.346
-8.3112, -157.9226
-8.3115, -158.4994
-8.312, -159.0761
-8.3124, -159.6528
-8.298, -160.2278
-8.2984, -160.8045
-8.2988, -161.3812
-8.2992, -161.9579
-8.2995, -162.5346
-8.3, -163.1112
-8.3004, -163.6879
-8.286, -164.2629
-8.2864, -164.8396
-8.2868, -165.4163
-8.2872, -165.9929
-8.2876, -166.5697
-8.288, -167.1464
-8.2736, -167.7214
-8.274, -168.2981
-8.2744, -168.8748
-8.2748, -169.4515
-8.2752, -170.0282
-8.2756, -170.6049
-8.2612, -171.1799
-8.2616, -171.7566
-8.262, -172.3333
-8.2624, -172.91
-8.2628, -173.4867
-8.2631, -174.0634
-8.2488, -174.6383
-8.2492, -175.215
-8.2496, -175.7917
-8.25, -176.3684
-8.2504, -176.9451
-8.2508, -177.5218
-8.2365, -178.0968
-8.2368, -178.6735
-8.2373, -179.2502
-8.2377, -179.8269
-8.2381, -180.4036
-8.2385, -180.9803
-8.2241, -181.5553
-8.2245, -182.132
-8.2248, -182.7086
-8.2253, -183.2854
-8.2257, -183.862
-8.2261, -184.4388
-8.2117, -185.0138
-8.2121, -185.5905
-8.2125, -186.1672
-8.2129, -186.7439
-8.2133, -187.3206
-8.2137, -187.8972
-8.2141, -188.4739
-8.1997, -189.0489
-8.2001, -189.6256
-8.2005, -190.2023
-8.2009, -190.779
-8.2013, -191.3557
-8.2017, -191.9324
-8.1873, -192.5074
-8.1877, -193.0841
-8.1881, -193.6608
-8.1885, -194.2375
-8.1889, -194.8142
-8.1893, -195.3909
-8.1749, -195.9659
-8.1753, -196.5426
-8.1757, -197.1193
-8.1761, -197.696
-8.1764, -198.2727
-8.1769, -198.8494
-8.1625, -199.4243
-8.163, -200.001
-8.1634, -200.5777
-8.1638, -201.1544
-8.1642, -201.7311
-8.1498, -202.3061
-8.1502, -202.8828
-8.1506, -203.4595
-8.151, -204.0362
-8.1514, -204.6129
-8.137, -205.1879
-8.1374, -205.7646
-8.1378, -206.3413
-8.1381, -206.918
-8.1386, -207.4947
-8.139, -208.0714
-8.1246, -208.6463
-8.125, -209.2231
-8.1254, -209.7997
-8.1258, -210.3765
-8.1114, -210.9515
-8.1118, -211.5282
-8.1122, -212.1049
-8.1126, -212.6815
-8.0982, -213.2565
-8.0986, -213.8332
-8.099, -214.4099
-8.0994, -214.9866
-8.085, -215.5615
-8.0854, -216.1383
-8.0858, -216.7149
-8.0862, -217.2917
-8.0866, -217.8683
-8.0722, -218.4434
-8.0726, -219.0201
-8.073, -219.5968
-8.0734, -220.1735
-8.0738, -220.7502
-8.0594, -221.3252
-8.0599, -221.9019
-8.0603, -222.4786
-8.0607, -223.0553
-8.0611, -223.632
-8.0467, -224.2069
-8.0471, -224.7835
-8.0475, -225.3603
-8.0479, -225.937
-8.0483, -226.5137
-8.0487, -227.0904
-8.0343, -227.6654
-8.0347, -228.2421
-8.0351, -228.8188
-8.0355, -229.3955
-8.0359, -229.9722
-8.0215, -230.5472
-8.0219, -231.1239
-8.0223, -231.7006
-8.0079, -232.2756
-8.0083, -232.8523
-8.0087, -233.429
-8.0091, -234.0057
-7.9947, -234.5807
-7.995, -235.1574
-7.9955, -235.734
-7.9959, -236.3107
-7.9815, -236.8857
-7.9819, -237.4624
-7.9823, -238.0391
-7.9679, -238.6141
-7.9683, -239.1908
-7.9687, -239.7675
-7.9691, -240.3442
-7.9548, -240.9192
-7.9552, -241.4959
-7.9556, -242.0726
-7.956, -242.6493
-7.9416, -243.2243
-7.942, -243.801
-7.9424, -244.3777
-7.9428, -244.9544
-7.9284, -245.5293
-7.9287, -246.1061
-7.9292, -246.6827
-7.9296, -247.2594
-7.9152, -247.8344
-7.9156, -248.4111
-7.916, -248.9878
-7.9163, -249.5645
-7.902, -250.1395
-7.9024, -250.7162
-7.9028, -251.2929
-7.9032, -251.8696
-7.9036, -252.4463
-7.8892, -253.0213
-7.8896, -253.5979
-7.89, -254.1747
-7.8904, -254.7513
-7.876, -255.3264
-7.8763, -255.9031
-7.8768, -256.4798
-7.8772, -257.0565
-7.8628, -257.6314
-7.8632, -258.2081
-7.8637, -258.7848
-7.8641, -259.3615
-7.8497, -259.9365
-7.85, -260.5131
-7.8505, -261.0899
-7.8509, -261.6665
-7.8365, -262.2416
-7.8369, -262.8183
-7.8373, -263.395
-7.8377, -263.9717
-7.8233, -264.5467
-7.8237, -265.1234
-7.8241, -265.7001
-7.8245, -266.2768
-7.8101, -266.8518
-7.8105, -267.4285
-7.8109, -268.0052
-7.8113, -268.5819
-7.8117, -269.1586
-7.7973, -269.7335
-7.7976, -270.3102
-7.7981, -270.8869
-7.7985, -271.4636
-7.7841, -272.0386
-7.7845, -272.6153
-7.7849, -273.192
-7.7852, -273.7687
-7.7709, -274.3437
-7.7713, -274.9203
-7.7717, -275.4971
-7.7721, -276.0738
-7.7577, -276.6488
-7.7581, -277.2255
-7.7586, -277.8022
-7.759, -278.3789
-7.7446, -278.9539
-7.745, -279.5306
-7.7454, -280.1073
-7.7458, -280.684
-7.7314, -281.2589
-7.7318, -281.8356
-7.7322, -282.4123
-7.7178, -282.9872
-7.7182, -283.564
-7.7186, -284.1407
-7.7189, -284.7174
-7.7046, -285.2924
-7.705, -285.8691
-7.7054, -286.4458
-7.6909, -287.0208
-7.6914, -287.5975
-7.6918, -288.1742
-7.6774, -288.7492
-7.6778, -289.3259
-7.6782, -289.9026
-7.6638, -290.4776
-7.6642, -291.0542
-7.6646, -291.6309
-7.6502, -292.2059
-7.6505, -292.7826
-7.6362, -293.3576
-7.6366, -293.9343
-7.6371, -294.511
-7.6227, -295.086
-7.6231, -295.6627
-7.6235, -296.2394
-7.6091, -296.8144
-7.6095, -297.3911
-7.6099, -297.9678
-7.5955, -298.5428
-7.5958, -299.1195
-7.5963, -299.6962
-7.5967, -300.2729
-7.5823, -300.8479
-7.5827, -301.4245
-7.5831, -302.0012
-7.5687, -302.5762
-7.5691, -303.1529
-7.5695, -303.7296
-7.5551, -304.3046
-7.5554, -304.8813
-7.5558, -305.458
-7.5415, -306.033
-7.5419, -306.6097
-7.5423, -307.1864
-7.5279, -307.7614
-7.5283, -308.3381
-7.5287, -308.9148
-7.5143, -309.4898
-7.5147, -310.0665
-7.5004, -310.6415
-7.5008, -311.2181
-7.5011, -311.7948
-7.4868, -312.3698
-7.4872, -312.9465
-7.4876, -313.5232
-7.4732, -314.0982
-7.4736, -314.6749
-7.474, -315.2516
-7.4596, -315.8266
-7.46, -316.4033
-7.4456, -316.9783
-7.446, -317.555
-7.4464, -318.1317
-7.432, -318.7067
-7.4324, -319.2833
-7.418, -319.8584
-7.4184, -320.4351
-7.4188, -321.0118
-7.4043, -321.5867
-7.4048, -322.1634
-7.4052, -322.7401
-7.3908, -323.3151
-7.3912, -323.8918
-7.3768, -324.4668
-7.3772, -325.0435
-7.3777, -325.6202
-7.3633, -326.1952
-7.3637, -326.7719
-7.3641, -327.3486
-7.3497, -327.9236
-7.3501, -328.5003
-7.3505, -329.077
-7.3361, -329.652
-7.3365, -330.2287
-7.3369, -330.8054
-7.3225, -331.3803
-7.3229, -331.9569
-7.3233, -332.5337
-7.3089, -333.1087
-7.3093, -333.6854
-7.3096, -334.2621
-7.2953, -334.8371
-7.2957, -335.4138
-7.2812, -335.9888
-7.2817, -336.5655
-7.2821, -337.1421
-7.2677, -337.7172
-7.2681, -338.2939
-7.2685, -338.8706
-7.2541, -339.4456
-7.2545, -340.0223
-7.2402, -340.5972
-7.2406, -341.1739
-7.2262, -341.7489
-7.2266, -342.3256
-7.227, -342.9022
-7.2126, -343.4773
-7.213, -344.054
-7.1985, -344.629
-7.199, -345.2057
-7.1994, -345.7824
-7.185, -346.3574
-7.1854, -346.9341
-7.171, -347.5091
-7.1566, -348.0841
-7.157, -348.6608
-7.1574, -349.2375
-7.143, -349.8124
-7.1434, -350.3891
-7.129, -350.9641
-7.1294, -351.5408
-7.1298, -352.1175
-7.1154, -352.6925
-7.1158, -353.2692
-7.1014, -353.8441
-7.1018, -354.4209
-7.1023, -354.9976
-7.0879, -355.5726
-7.0883, -356.1493
-7.0887, -356.726
-7.0743, -357.301
-7.0747, -357.8777
-7.0603, -358.4527
-7.0607, -359.0294
-7.0611, -359.6061
-7.0467, -360.181
-7.0471, -360.7577
-7.0327, -361.3327
-7.0331, -361.9094
-7.0187, -362.4844
-7.0191, -363.0611
-7.0195, -363.6378
-7.0051, -364.2128
-7.0055, -364.7894
-6.991, -365.3645
-6.9915, -365.9412
-6.9919, -366.5179
-6.9775, -367.0929
-6.9779, -367.6696
-6.9635, -368.2446
-6.9639, -368.8213
-6.9496, -369.3961
-6.9352, -369.9712
-6.9356, -370.5479
-6.9212, -371.1229
-6.9216, -371.6996
-6.9072, -372.2746
-6.9076, -372.8513
-6.8932, -373.4263
-6.8936, -374.003
-6.8792, -374.5779
-6.8796, -375.1547
-6.8652, -375.7297
-6.8656, -376.3064
-6.866, -376.8831
-6.8516, -377.458
-6.8519, -378.0347
-6.8376, -378.6097
-6.838, -379.1864
-6.8235, -379.7614
-6.8239, -380.3381
-6.8096, -380.9131
-6.81, -381.4898
-6.7957, -382.0648
-6.7961, -382.6415
-6.7816, -383.2165
-6.7821, -383.7932
-6.7677, -384.3682
-6.7681, -384.9449
-6.7537, -385.5199
-6.7541, -386.0966
-6.7545, -386.6732
-6.7397, -386.6715
-6.7252, -387.2465
-6.7257, -387.8232
-6.7113, -388.3982
-6.6968, -388.9731
-6.6973, -389.5499
-6.6829, -390.1249
-6.6833, -390.7016
-6.6689, -391.2766
-6.6693, -391.8533
-6.6697, -392.43
-6.6549, -392.4283
-6.6406, -393.0033
-6.641, -393.58
-6.6266, -394.1549
-6.6122, -394.7299
-6.6126, -395.3066
-6.5981, -395.8816
-6.5986, -396.4583
-6.599, -397.035
-6.5846, -397.6099
-6.585, -398.1867
-6.5706, -398.7617
-6.571, -399.3384
-6.5566, -399.9134
-6.557, -400.4901
-6.5574, -401.0668
-6.543, -401.6418
-6.5434, -402.2185
-6.529, -402.7934
-6.5293, -403.37
-6.515, -403.9451
-6.5154, -404.5218
-6.501, -405.0968
-6.5013, -405.6735
-6.487, -406.2485
-6.4875, -406.8252
-6.4731, -407.4002
-6.4735, -407.9769
-6.4591, -408.5518
-6.4595, -409.1286
-6.4451, -409.7036
-6.4455, -410.2803
-6.4311, -410.8553
-6.4315, -411.432
-6.4171, -412.0069
-6.4175, -412.5836
-6.4031, -413.1586
-6.4035, -413.7353
-6.3891, -414.3103
-6.3747, -414.8853
-6.3751, -415.462
-6.3607, -416.037
-6.3611, -416.6137
-6.3615, -417.1904
-6.3471, -417.7654
-6.3328, -418.3404
-6.3184, -418.9154
-6.304, -419.4903
-6.2896, -420.0653
-6.2752, -420.6402
-6.2608, -421.2153
-6.2464, -421.7903
-6.2468, -422.367
-6.232, -422.3653
-6.2324, -422.942
-6.218, -423.517
-6.2184, -424.0937
-6.2187, -424.6703
-6.2044, -425.2454
-6.1896, -425.2437
-6.19, -425.8204
-6.1752, -425.8186
-6.1608, -426.3936
-6.1465, -426.9686
-6.1317, -426.9668
-6.132, -427.5436
-6.1173, -427.5419
-6.1029, -428.1169
-6.0885, -428.6919
-6.0737, -428.6902
-6.0741, -429.2669
-6.0593, -429.2652
-6.0449, -429.8401
-6.0305, -430.4152
-6.0161, -430.9901
-6.0013, -430.9884
-6.0017, -431.5651
-5.9868, -431.5634
-5.9725, -432.1384
-5.9581, -432.7134
-5.9434, -432.7117
-5.929, -433.2867
-5.9146, -433.8617
-5.8998, -433.8599
-5.885, -433.8582
-5.8706, -434.4333
-5.8558, -434.4316
-5.8414, -435.0065
-5.8266, -435.0048
-5.8117, -435.0031
-5.8122, -435.5798
-5.7974, -435.5781
-5.7826, -435.5764
-5.7678, -435.5747
-5.753, -435.573
-5.7382, -435.5713
-5.7235, -435.5695
-5.7086, -435.5678
-5.6939, -435.5662
-5.6795, -436.1412
-5.6646, -436.1395
-5.6499, -436.1378
-5.6351, -436.136
-5.6202, -436.1343
-5.6051, -435.5558
-5.5903, -435.5542
-5.5755, -435.5525
-5.5603, -434.9741
-5.5455, -434.9724
-5.5303, -434.394
-5.5154, -434.3923
-5.5007, -434.3906
-5.4855, -433.8122
-5.4707, -433.8105
-5.456, -433.8088
-5.4412, -433.8071
-5.426, -433.2287
-5.4112, -433.227
-5.4108, -432.6503
-5.396, -432.6486
-5.3808, -432.0702
-5.3656, -431.4918
-5.3508, -431.4901
-5.3504, -430.9134
-5.3356, -430.9117
-5.3204, -430.3333
-5.3056, -430.3316
-5.2904, -429.7532
-5.2756, -429.7513
-5.2604, -429.173
-5.2456, -429.1713
-5.2308, -429.1696
-5.2156, -428.5912
-5.2008, -428.5895
-5.1856, -428.0111
-5.1703, -427.4327
-5.1553, -426.8542
-5.1405, -426.8526
-5.1253, -426.2742
-5.1101, -425.6958
-5.0949, -425.1174
-5.0796, -424.539
-5.0645, -423.9606
-5.0493, -423.3822
-5.0345, -423.3805
-5.0193, -422.8021
-5.0041, -422.2237
-4.9889, -421.6453
-4.9737, -421.0669
-4.9588, -421.0652
-4.9437, -420.4868
-4.9285, -419.9083
-4.9133, -419.33
-4.8981, -418.7516
-4.8829, -418.1732
-4.8677, -417.5948
-4.8525, -417.0164
-4.8373, -416.4379
-4.8222, -415.8595
-4.8074, -415.8578
-4.7922, -415.2793
-4.777, -414.701
-4.7618, -414.1226
-4.7614, -413.5459
-4.7462, -412.9675
-4.7309, -412.3891
-4.7306, -411.8124
-4.7302, -411.2357
-4.7154, -411.234
-4.7149, -410.6573
-4.7146, -410.0806
-4.6994, -409.5022
-4.6842, -408.9238
-4.6838, -408.3471
-4.6686, -407.7687
-4.6682, -407.192
-4.653, -406.6136
-4.6526, -406.0369
-4.6374, -405.4585
-4.6221, -404.8801
-4.6218, -404.3034
-4.6066, -403.725
-4.6061, -403.1482
-4.591, -402.5699
-4.5758, -401.9915
-4.5754, -401.4148
-4.5602, -400.8364
-4.545, -400.258
-4.5298, -399.6796
-4.5146, -399.1012
-4.5142, -398.5245
-4.499, -397.9461
-4.4838, -397.3677
-4.4834, -396.791
-4.4682, -396.2126
-4.453, -395.6341
-4.4378, -395.0558
-4.4374, -394.4791
-4.4222, -393.9007
-4.407, -393.3223
-4.4066, -392.7456
-4.3919, -392.7439
-4.3915, -392.1672
-4.3763, -391.5888
-4.3759, -391.0121
-4.3607, -390.4337
-4.3603, -389.857
-4.3455, -389.8553
-4.3303, -389.2769
-4.3299, -388.7002
-4.3295, -388.1235
-4.3143, -387.5451
-4.3139, -386.9684
-4.2987, -386.39
-4.2983, -385.8133
-4.2979, -385.2366
-4.2827, -384.6582
-4.2823, -384.0815
-4.2671, -383.503
-4.2667, -382.9264
-4.2515, -382.3479
-4.2511, -381.7713
-4.2507, -381.1945
-4.2355, -380.6162
-4.2351, -380.0395
-4.2347, -379.4628
-4.2343, -378.886
-4.2191, -378.3077
-4.2039, -377.7292
-4.2035, -377.1526
-4.1883, -376.5742
-4.1879, -375.9975
-4.1875, -375.4208
-4.1871, -374.8441
-4.1719, -374.2657
-4.1715, -373.689
-4.1567, -373.6873
-4.1562, -373.1106
-4.1411, -372.5322
-4.1407, -371.9555
-4.1255, -371.3771
-4.1251, -370.8004
-4.1099, -370.222
-4.1095, -369.6453
-4.1091, -369.0686
-4.0939, -368.4902
-4.0935, -367.9136
-4.0783, -367.3351
-4.0779, -366.7585
-4.0627, -366.18
-4.0623, -365.6034
-4.0619, -365.0267
-4.0467, -364.4483
-4.0463, -363.8716
-4.0459, -363.2949
-4.0307, -362.7165
-4.0303, -362.1398
-4.0299, -361.5631
-4.0295, -360.9864
-4.0143, -360.408
-4.0139, -359.8313
-4.0135, -359.2546
-3.9983, -358.6762
-3.9979, -358.0995
-3.9975, -357.5228
-3.9823, -356.9444
-3.9819, -356.3677
-3.9815, -355.791
-3.9663, -355.2126
-3.9659, -354.6359
-3.9655, -354.0592
-3.9503, -353.4808
-3.9499, -352.9041
-3.9495, -352.3274
-3.9343, -351.749
-3.9339, -351.1723
-3.9335, -350.5956
-3.9183, -350.0172
-3.9179, -349.4405
-3.9175, -348.8638
-3.9022, -348.2854
-3.9019, -347.7086
-3.9015, -347.132
-3.8862, -346.5535
-3.8859, -345.9769
-3.8855, -345.4002
-3.8702, -344.8218
-3.8699, -344.2451
-3.8695, -343.6684
-3.8542, -343.09
-3.8538, -342.5133
-3.8535, -341.9365
-3.8531, -341.3599
-3.8378, -340.7814
-3.8375, -340.2048
-3.8371, -339.628
-3.8218, -339.0497
-3.8215, -338.4729
-3.8211, -337.8963
-3.8058, -337.3179
-3.8054, -336.7412
-3.8051, -336.1645
-3.7899, -335.5861
-3.7894, -335.0094
-3.7891, -334.4327
-3.7739, -333.8542
-3.7734, -333.2776
-3.7731, -332.7008
-3.7727, -332.1242
-3.7574, -331.5457
-3.757, -330.9691
-3.7567, -330.3925
-3.7415, -329.8141
-3.741, -329.2374
-3.7407, -328.6606
-3.7403, -328.084
-3.725, -327.5056
-3.7247, -326.9289
-3.7243, -326.3522
-3.709, -325.7738
-3.7086, -325.1971
-3.7083, -324.6204
-3.6931, -324.042
-3.6926, -323.4653
-3.6923, -322.8885
-3.6771, -322.3102
-3.6766, -321.7335
-3.6763, -321.1568
-3.6611, -320.5784
-3.6606, -320.0017
-3.6602, -319.425
-3.6451, -318.8466
-3.6447, -318.2699
-3.6442, -317.6932
-3.6291, -317.1148
-3.6287, -316.5381
-3.6135, -315.9597
-3.6131, -315.383
-3.6127, -314.8063
-3.5975, -314.2279
-3.5971, -313.6512
-3.5819, -313.0728
-3.5815, -312.4961
-3.5811, -311.9194
-3.5659, -311.341
-3.5655, -310.7643
-3.5503, -310.1859
-3.5499, -309.6092
-3.5495, -309.0325
-3.5343, -308.4541
-3.5339, -307.8774
-3.5187, -307.299
-3.5183, -306.7223
-3.5179, -306.1456
-3.5027, -305.5672
-3.5023, -304.9905
-3.5019, -304.4138
-3.4867, -303.8354
-3.4863, -303.2587
-3.4711, -302.6803
-3.4707, -302.1036
-3.4703, -301.5269
-3.4551, -300.9485
-3.4546, -300.3718
-3.4395, -299.7934
-3.4391, -299.2167
-3.4386, -298.64
-3.4235, -298.0616
-3.4231, -297.4849
-3.408, -296.9064
-3.4075, -296.3298
-3.4071, -295.753
-3.392, -295.1747
-3.3915, -294.5979
-3.3911, -294.0213
-3.376, -293.4429
-3.3756, -292.8662
-3.3751, -292.2894
-3.3599, -291.7111
-3.3596, -291.1344
-3.3592, -290.5577
-3.3439, -289.9792
-3.3436, -289.4026
-3.3432, -288.8258
-3.328, -288.2475
-3.3276, -287.6707
-3.3272, -287.0942
-3.312, -286.5158
-3.3115, -285.9391
-3.3112, -285.3624
-3.296, -284.784
-3.2955, -284.2073
-3.2952, -283.6306
-3.28, -283.0522
-3.2796, -282.4755
-3.2792, -281.8988
-3.264, -281.3204
-3.2636, -280.7437
-3.2631, -280.167
-3.248, -279.5886
-3.2476, -279.0119
-3.2472, -278.4352
-3.232, -277.8568
-3.2316, -277.2801
-3.2312, -276.7034
-3.216, -276.125
-3.2156, -275.5483
-3.2152, -274.9716
-3.2147, -274.3949
-3.1996, -273.8165
-3.1992, -273.2398
-3.1988, -272.6631
-3.1984, -272.0864
-3.1832, -271.508
-3.1828, -270.9313
-3.1824, -270.3546
-3.1672, -269.7762
-3.1668, -269.1995
-3.1663, -268.6228
-3.166, -268.0461
-3.1508, -267.4677
-3.1504, -266.891
-3.15, -266.3143
-3.1496, -265.7376
-3.1492, -265.1609
-3.134, -264.5825
-3.1336, -264.0058
-3.1332, -263.4291
-3.1328, -262.8524
-3.1176, -262.274
-3.1172, -261.6973
-3.1168, -261.1206
-3.1164, -260.5439
-3.1012, -259.9655
-3.1008, -259.3888
-3.1004, -258.8121
-3.1, -258.2354
-3.0996, -257.6587
-3.0844, -257.0803
-3.084, -256.5036
-3.0836, -255.927
-3.0832, -255.3503
-3.068, -254.7719
-3.0676, -254.1952
-3.0672, -253.6185
-3.0668, -253.0418
-3.0516, -252.4634
-3.0512, -251.8867
-3.0508, -251.31
-3.0504, -250.7332
-3.0352, -250.1549
-3.0348, -249.5782
-3.0344, -249.0015
-3.0192, -248.4231
-3.0188, -247.8464
-3.0184, -247.2697
-3.018, -246.693
-3.0028, -246.1146
-3.0024, -245.5379
-3.002, -244.9612
-2.9868, -244.3828
-2.9864, -243.8061
-2.986, -243.2294
-2.9856, -242.6526
-2.9704, -242.0743
-2.97, -241.4976
-2.9696, -240.9209
-2.9691, -240.3442
-2.954, -239.7658
-2.9536, -239.1891
-2.9532, -238.6124
-2.9527, -238.0357
-2.9376, -237.4573
-2.9372, -236.8806
-2.9367, -236.3039
-2.9364, -235.7271
-2.9359, -235.1505
-2.9207, -234.5721
-2.9203, -233.9954
-2.92, -233.4187
-2.9195, -232.842
-2.9043, -232.2636
-2.904, -231.6869
-2.9035, -231.1102
-2.9031, -230.5335
-2.888, -229.955
-2.8876, -229.3784
-2.8871, -228.8016
-2.8867, -228.2251
-2.8862, -227.6484
-2.8712, -227.07
-2.8707, -226.4933
-2.8702, -225.9165
-2.8699, -225.3399
-2.8547, -224.7614
-2.8542, -224.1848
-2.8538, -223.608
-2.8535, -223.0314
-2.8383, -222.453
-2.8378, -221.8763
-2.8375, -221.2995
-2.8371, -220.7229
-2.8218, -220.1445
-2.8215, -219.5678
-2.8211, -218.991
-2.8207, -218.4144
-2.8203, -217.8377
-2.8199, -217.261
-2.8047, -216.6825
-2.8043, -216.1059
-2.8039, -215.5292
-2.8035, -214.9525
-2.8031, -214.3758
-2.8027, -213.7991
-2.7875, -213.2207
-2.7871, -212.644
-2.7867, -212.0673
-2.7863, -211.4906
-2.7859, -210.9139
-2.7707, -210.3355
-2.7703, -209.7588
-2.7699, -209.1821
-2.7694, -208.6054
-2.7691, -208.0287
-2.7539, -207.4503
-2.7534, -206.8736
-2.753, -206.2969
-2.7527, -205.7202
-2.7523, -205.1435
-2.737, -204.5651
-2.7367, -203.9884
-2.7363, -203.4117
-2.7359, -202.8351
-2.7355, -202.2584
-2.7203, -201.68
-2.7199, -201.1033
-2.7195, -200.5266
-2.7191, -199.9499
-2.7039, -199.3715
-2.7035, -198.7948
-2.7031, -198.2181
-2.7027, -197.6414
-2.7023, -197.0647
-2.6871, -196.4863
-2.6867, -195.9096
-2.6863, -195.3329
-2.6859, -194.7562
-2.6855, -194.1795
-2.6703, -193.6011
-2.6699, -193.0244
-2.6695, -192.4477
-2.6691, -191.871
-2.6686, -191.2943
-2.6535, -190.7159
-2.6531, -190.1392
-2.6526, -189.5625
-2.6522, -188.9858
-2.6519, -188.4091
-2.6367, -187.8307
-2.6362, -187.254
-2.6359, -186.6773
-2.6355, -186.1006
-2.6351, -185.5239
-2.6199, -184.9455
-2.6195, -184.3688
-2.6191, -183.7921
-2.6187, -183.2154
-2.6183, -182.6387
-2.6031, -182.0603
-2.6027, -181.4836
-2.6023, -180.9069
-2.6019, -180.3302
-2.6015, -179.7534
-2.5863, -179.1751
-2.5859, -178.5984
-2.5855, -178.0218
-2.5851, -177.4451
-2.5847, -176.8683
-2.5695, -176.29
-2.5691, -175.7133
-2.5687, -175.1366
-2.5683, -174.5598
-2.5531, -173.9815
-2.5527, -173.4048
-2.5523, -172.8281
-2.5518, -172.2514
-2.5514, -171.6747
-2.5363, -171.0963
-2.5359, -170.5196
-2.5354, -169.9428
-2.5351, -169.3662
-2.5347, -168.7894
-2.5194, -168.2111
-2.5191, -167.6343
-2.5187, -167.0577
-2.5183, -166.4809
-2.5179, -165.9043
-2.5027, -165.3259
-2.5023, -164.7492
-2.5019, -164.1724
-2.5015, -163.5958
-2.4863, -163.0174
-2.4859, -162.4407
-2.4855, -161.8639
-2.4851, -161.2873
-2.4847, -160.7106
-2.4695, -160.1322
-2.4691, -159.5554
-2.4687, -158.9788
-2.4683, -158.4021
-2.4531, -157.8237
-2.4527, -157.2469
-2.4523, -156.6703
-2.4519, -156.0936
-2.4515, -155.5169
-2.4363, -154.9385
-2.4359, -154.3618
-2.4355, -153.7851
-2.4351, -153.2084
-2.4199, -152.63
-2.4195, -152.0533
-2.4191, -151.4767
-2.4187, -150.9
-2.4183, -150.3233
-2.4031, -149.7449
-2.4027, -149.1682
-2.4022, -148.5915
-2.4019, -148.0148
-2.3867, -147.4364
-2.3862, -146.8597
-2.3859, -146.283
-2.3855, -145.7063
-2.3851, -145.1296
-2.3699, -144.5512
-2.3695, -143.9745
-2.3691, -143.3978
-2.3687, -142.8211
-2.3683, -142.2444
-2.3531, -141.666
-2.3527, -141.0893
-2.3523, -140.5126
-2.3519, -139.9359
-2.3515, -139.3592
-2.3363, -138.7808
-2.3359, -138.2041
-2.3355, -137.6274
-2.3351, -137.0507
-2.3347, -136.474
-2.3195, -135.8956
-2.3191, -135.3189
-2.3187, -134.7422
-2.3183, -134.1655
-2.3031, -133.5871
-2.3027, -133.0104
-2.3023, -132.4337
-2.3019, -131.857
-2.3014, -131.2803
-2.2863, -130.7019
-2.2859, -130.1252
-2.2854, -129.5485
-2.2851, -128.9718
-2.2699, -128.3934
-2.2695, -127.8167
-2.2691, -127.24
-2.2687, -126.6634
-2.2683, -126.0867
-2.253, -125.5083
-2.2527, -124.9316
-2.2523, -124.3549
-2.2519, -123.7782
-2.2367, -123.1998
-2.2363, -122.6231
-2.2359, -122.0464
-2.2355, -121.4697
-2.2203, -120.8913
-2.2199, -120.3146
-2.2195, -119.7379
-2.2191, -119.1612
-2.2039, -118.5828
-2.2035, -118.0061
-2.2031, -117.4294
-2.2027, -116.8527
-2.2023, -116.276
-2.2019, -115.6993
-2.1867, -115.1209
-2.1863, -114.5442
-2.1859, -113.9675
-2.1855, -113.3908
-2.1851, -112.8141
-2.1699, -112.2357
-2.1695, -111.659
-2.1691, -111.0823
-2.1687, -110.5056
-2.1683, -109.9289
-2.1531, -109.3505
-2.1527, -108.7738
-2.1522, -108.1971
-2.1519, -107.6204
-2.1515, -107.0437
-2.1511, -106.467
-2.1359, -105.8885
-2.1355, -105.3119
-2.1351, -104.7351
-2.1347, -104.1585
-2.1343, -103.5817
-2.1191, -103.0034
-2.1187, -102.4267
-2.1183, -101.85
-2.1179, -101.2734
-2.1175, -100.6966
-2.1023, -100.1183
-2.1019, -99.5415
-2.1015, -98.9649
-2.1011, -98.3881
-2.1007, -97.8115
-2.0855, -97.2331
-2.0851, -96.6564
-2.0847, -96.0796
-2.0843, -95.503
-2.0839, -94.9263
-2.0687, -94.3479
-2.0683, -93.7711
-2.0679, -93.1945
-2.0675, -92.6178
-2.0671, -92.0411
-2.0667, -91.4644
-2.0663, -90.8877
-2.0511, -90.3093
-2.0507, -89.7326
-2.0503, -89.1559
-2.0499, -88.5792
-2.0495, -88.0025
-2.049, -87.4258
-2.0339, -86.8474
-2.0335, -86.2707
-2.0331, -85.694
-2.0326, -85.1173
-2.0322, -84.5406
-2.0318, -83.9639
-2.0314, -83.3872
-2.0162, -82.8088
-2.0158, -82.2321
-2.0154, -81.6554
-2.015, -81.0787
-2.0146, -80.502
-2.0142, -79.9253
-2.0138, -79.3487
-1.9986, -78.7702
-1.9982, -78.1936
-1.9978, -77.6169
-1.9973, -77.0402
-1.9969, -76.4635
-1.9966, -75.8868
-1.9814, -75.3084
-1.9809, -74.7317
-1.9806, -74.155
-1.9802, -73.5783
-1.9798, -73.0016
-1.9794, -72.4249
-1.9642, -71.8465
-1.9638, -71.2698
-1.9634, -70.6931
-1.963, -70.1164
-1.9626, -69.5396
-1.9622, -68.963
-1.947, -68.3846
-1.9466, -67.8079
-1.9462, -67.2312
-1.9458, -66.6545
-1.9454, -66.0778
-1.9449, -65.5011
-1.9298, -64.9226
-1.9294, -64.346
-1.929, -63.7692
-1.9285, -63.1926
-1.9282, -62.6159
-1.913, -62.0375
-1.9125, -61.4607
-1.9122, -60.8841
-1.9118, -60.3074
-1.9114, -59.7307
-1.911, -59.154
-1.8958, -58.5756
-1.8954, -57.9989
-1.895, -57.4222
-1.8946, -56.8455
-1.8942, -56.2689
-1.879, -55.6904
-1.8786, -55.1138
-1.8782, -54.5371
-1.8778, -53.9604
-1.8774, -53.3837
-1.877, -52.807
-1.8618, -52.2286
-1.8614, -51.6519
-1.861, -51.0752
-1.8606, -50.4985
-1.8601, -49.9218
-1.845, -49.3434
-1.8446, -48.7667
-1.8441, -48.19
-1.8437, -47.6133
-1.8286, -47.0349
-1.8282, -46.4582
-1.8277, -45.8815
-1.8274, -45.3048
-1.827, -44.7281
-1.8117, -44.1497
-1.8114, -43.573
-1.811, -42.9963
-1.8106, -42.4196
-1.8102, -41.8429
-1.795, -41.2645
-1.7946, -40.6878
-1.7942, -40.1111
-1.7938, -39.5344
-1.7786, -38.956
-1.7782, -38.3793
-1.7778, -37.8026
-1.7774, -37.2259
-1.777, -36.6492
-1.7618, -36.0708
-1.7614, -35.4941
-1.761, -34.9174
-1.7606, -34.3407
-1.7602, -33.764
-1.745, -33.1856
-1.7446, -32.6089
-1.7442, -32.0322
-1.7438, -31.4555
-1.7433, -30.8789
-1.7282, -30.3004
-1.7278, -29.7238
-1.7274, -29.1471
-1.7269, -28.5704
-1.7266, -27.9937
-1.7262, -27.417
-1.7109, -26.8386
-1.7106, -26.2619
-1.7102, -25.6852
-1.7098, -25.1085
-1.7094, -24.5318
-1.6942, -23.9534
-1.6938, -23.3767
-1.6934, -22.8
-1.693, -22.2233
-1.6926, -21.6465
-1.6774, -21.0682
-1.677, -20.4915
-1.6766, -19.9148
-1.6762, -19.3381
-1.6758, -18.7614
-1.6754, -18.1847
-1.6602, -17.6063
-1.6598, -17.0296
-1.6594, -16.4529
-1.659, -15.8761
-1.6585, -15.2995
-1.6582, -14.7227
-1.6578, -14.1461
-1.6425, -13.5676
-1.6421, -12.991
-1.6418, -12.4143
-1.6414, -11.8376
-1.641, -11.2609
-1.6406, -10.6842
-1.6402, -10.1075
-1.6398, -9.5308
-1.6394, -8.9542
-1.6242, -8.3757
-1.6238, -7.7991
-1.6234, -7.2224
-1.623, -6.6457
-1.6078, -6.0673
-1.6074, -5.4906
-1.607, -4.9139
-1.6066, -4.3372
-1.6061, -3.7605
-1.6058, -3.1838
-1.6054, -2.6071
-1.605, -2.0304
-1.6046, -1.4537
-1.6042, -0.877
-1.589, -0.2986
-1.5886, 0.2781
-1.5882, 0.8548
-1.5878, 1.4315
-1.5874, 2.0082
-1.5722, 2.5866
-1.5718, 3.1633
-1.5714, 3.74
-1.571, 4.3167
-1.5706, 4.8934
-1.5702, 5.4701
-1.555, 6.0485
-1.5546, 6.6252
-1.5542, 7.2019
-1.5537, 7.7786
-1.5534, 8.3553
-1.553, 8.932
-1.5377, 9.5104
-1.5373, 10.0871
-1.537, 10.6638
-1.5366, 11.2405
-1.5361, 11.8172
-1.5356, 12.3939
-1.5206, 12.9723
-1.5202, 13.549
-1.5197, 14.1256
-1.5192, 14.7023
-1.5189, 15.279
-1.5185, 15.8557
-1.5181, 16.4324
-1.5029, 17.0108
-1.5025, 17.5875
-1.5021, 18.1642
-1.5017, 18.7409
-1.5013, 19.3176
-1.5009, 19.8942
-1.5005, 20.471
-1.5001, 21.0477
-1.4849, 21.6261
-1.4845, 22.2028
-1.4841, 22.7795
-1.4837, 23.3562
-1.4833, 23.9329
-1.4828, 24.5096
-1.4825, 25.0863
-1.4673, 25.6646
-1.4668, 26.2414
-1.4665, 26.8181
-1.4661, 27.3948
-1.4657, 27.9715
-1.4653, 28.5482
-1.4649, 29.1249
-1.4645, 29.7016
-1.4493, 30.28
-1.4489, 30.8567
-1.4485, 31.4334
-1.4481, 32.0101
-1.4477, 32.5868
-1.4473, 33.1635
-1.4469, 33.7402
-1.4317, 34.3186
-1.4313, 34.8953
-1.4309, 35.4719
-1.4304, 36.0486
-1.4301, 36.6253
-1.4297, 37.202
-1.4293, 37.7787
-1.4141, 38.3571
-1.4137, 38.9338
-1.4133, 39.5105
-1.4129, 40.0872
-1.4125, 40.6639
-1.4121, 41.2406
-1.4117, 41.8173
-1.3965, 42.3957
-1.3961, 42.9724
-1.3957, 43.5491
-1.3953, 44.1258
-1.3949, 44.7025
-1.3945, 45.2792
-1.3941, 45.8559
-1.3937, 46.4325
-1.3933, 47.0093
-1.378, 47.5877
-1.3777, 48.1644
-1.3773, 48.741
-1.3769, 49.3178
-1.3617, 49.8961
-1.3613, 50.4729
-1.3609, 51.0496
-1.3605, 51.6263
-1.3601, 52.203
-1.3597, 52.7797
-1.3593, 53.3564
-1.3589, 53.9331
-1.3585, 54.5098
-1.3433, 55.0882
-1.3429, 55.6649
-1.3425, 56.2416
-1.3421, 56.8182
-1.3417, 57.3949
-1.3413, 57.9716
-1.3409, 58.5483
-1.3405, 59.125
-1.3253, 59.7034
-1.3249, 60.2801
-1.3245, 60.8568
-1.3241, 61.4335
-1.3237, 62.0102
-1.3233, 62.5869
-1.3229, 63.1636
-1.3225, 63.7403
-1.3221, 64.317
-1.3069, 64.8954
-1.3065, 65.4721
-1.3061, 66.0488
-1.3057, 66.6255
-1.3053, 67.2022
-1.3049, 67.7789
-1.3045, 68.3556
-1.3041, 68.9323
-1.3037, 69.509
-1.3033, 70.0857
-1.3029, 70.6623
-1.3025, 71.2391
-1.2873, 71.8175
-1.2869, 72.3942
-1.2865, 72.9708
-1.2861, 73.5476
-1.2857, 74.1243
-1.2852, 74.701
-1.2849, 75.2777
-1.2845, 75.8542
-1.2841, 76.431
-1.2836, 77.0077
-1.2832, 77.5844
-1.2828, 78.1611
-1.2824, 78.7378
-1.282, 79.3145
-1.2816, 79.8912
-1.2812, 80.4679
-1.2808, 81.0446
-1.2656, 81.623
-1.2652, 82.1997
-1.2648, 82.7764
-1.2644, 83.3531
-1.264, 83.9298
-1.2636, 84.5065
-1.2631, 85.0832
-1.2628, 85.6599
-1.2624, 86.2366
-1.262, 86.8133
-1.2616, 87.39
-1.2612, 87.9667
-1.2608, 88.5434
-1.2604, 89.1201
-1.26, 89.6968
-1.2596, 90.2735
-1.2591, 90.8502
-1.2588, 91.4269
-1.2436, 92.0053
-1.2432, 92.5819
-1.2428, 93.1587
-1.2424, 93.7353
-1.242, 94.312
-1.2416, 94.8887
-1.2264, 95.4671
-1.226, 96.0438
-1.2256, 96.6205
-1.2252, 97.1972
-1.21, 97.7755
-1.2096, 98.3523
