-8.60000000000002
-8.59040000000002
-8.58080000000002
-8.57120000000002
-8.56160000000002
-8.55200000000002
-8.54240000000002
-8.53280000000002
-8.52320000000002
-8.51360000000002
-8.50400000000002
-8.49440000000002
-8.48480000000002
-8.47520000000002
-8.46560000000002
-8.45600000000002
-8.44640000000002
-8.43680000000002
-8.42720000000002
-8.41760000000002
-8.40800000000002
-8.39840000000002
-8.38880000000002
-8.37920000000002
-8.36960000000002
-8.36000000000002
-8.35040000000002
-8.34080000000002
-8.33120000000002
-8.32160000000002
-8.31200000000002
-8.30240000000002
-8.29280000000002
-8.28320000000002
-8.27360000000002
-8.26400000000002
-8.25440000000002
-8.24480000000002
-8.23520000000002
-8.22560000000002
-8.21600000000002
-8.20640000000002
-8.19680000000002
-8.18720000000002
-8.17760000000002
-8.16800000000002
-8.15840000000002
-8.14880000000002
-8.13920000000002
-8.12960000000002
-8.12000000000002
-8.11040000000002
-8.10080000000002
-8.09120000000002
-8.08160000000002
-8.07200000000002
-8.06240000000002
-8.05280000000002
-8.04320000000002
-8.03360000000002
-8.02400000000002
-8.01440000000002
-8.00480000000002
-7.99520000000002
-7.98560000000002
-7.97600000000002
-7.96640000000002
-7.95680000000002
-7.94720000000002
-7.93760000000002
-7.92800000000002
-7.91840000000002
-7.90880000000002
-7.89920000000002
-7.88960000000002
-7.88000000000002
-7.87040000000002
-7.86080000000002
-7.85120000000002
-7.84160000000002
-7.83200000000002
-7.82240000000002
-7.81280000000002
-7.80320000000002
-7.79360000000002
-7.78400000000002
-7.77440000000002
-7.76480000000002
-7.75520000000002
-7.74560000000002
-7.73600000000002
-7.72640000000002
-7.71680000000002
-7.70720000000002
-7.69760000000002
-7.68800000000002
-7.67840000000002
-7.66880000000002
-7.65920000000002
-7.64960000000002
-7.64000000000002
-7.63040000000002
-7.62080000000002
-7.61120000000002
-7.60160000000002
-7.59200000000002
-7.58240000000002
-7.57280000000002
-7.56320000000002
-7.55360000000002
-7.54400000000002
-7.53440000000002
-7.52480000000002
-7.51520000000002
-7.50560000000002
-7.49600000000002
-7.48640000000002
-7.47680000000002
-7.46720000000002
-7.45760000000002
-7.44800000000002
-7.43840000000002
-7.42880000000002
-7.41920000000002
-7.40960000000002
-7.40000000000002
-7.39040000000002
-7.38080000000002
-7.37120000000002
-7.36160000000002
-7.35200000000002
-7.34240000000002
-7.33280000000002
-7.32320000000002
-7.31360000000002
-7.30400000000002
-7.29440000000002
-7.28480000000002
-7.27520000000002
-7.26560000000002
-7.25600000000002
-7.24640000000002
-7.23680000000002
-7.22720000000002
-7.21760000000002
-7.20800000000002
-7.19840000000002
-7.18880000000002
-7.17920000000002
-7.16960000000002
-7.16000000000002
-7.15040000000002
-7.14080000000002
-7.13120000000002
-7.12160000000002
-7.11200000000002
-7.10240000000002
-7.09280000000002
-7.08320000000002
-7.07360000000002
-7.06400000000002
-7.05440000000002
-7.04480000000002
-7.03520000000002
-7.02560000000002
-7.01600000000002
-7.00640000000002
-6.99680000000002
-6.98720000000002
-6.97760000000002
-6.96800000000002
-6.95840000000002
-6.94880000000002
-6.93920000000002
-6.92960000000002
-6.92000000000002
-6.91040000000002
-6.90080000000002
-6.89120000000002
-6.88160000000002
-6.87200000000002
-6.86240000000002
-6.85280000000002
-6.84320000000002
-6.83360000000002
-6.82400000000002
-6.81440000000002
-6.80480000000002
-6.79520000000002
-6.78560000000002
-6.77600000000002
-6.76640000000002
-6.75680000000002
-6.74720000000002
-6.73760000000002
-6.72800000000002
-6.71840000000002
-6.70880000000002
-6.69920000000002
-6.68960000000002
-6.68000000000002
-6.67040000000002
-6.66080000000002
-6.65120000000002
-6.64160000000002
-6.63200000000002
-6.62240000000002
-6.61280000000002
-6.60320000000002
-6.59360000000002
-6.58400000000002
-6.57440000000002
-6.56480000000002
-6.55520000000002
-6.54560000000002
-6.53600000000002
-6.52640000000001
-6.51680000000002
-6.50720000000002
-6.49760000000002
-6.48800000000002
-6.47840000000001
-6.46880000000002
-6.45920000000002
-6.44960000000002
-6.44000000000002
-6.43040000000001
-6.42080000000001
-6.41120000000002
-6.40160000000001
-6.39200000000002
-6.38240000000001
-6.37280000000001
-6.36320000000002
-6.35360000000001
-6.34400000000002
-6.33440000000001
-6.32480000000001
-6.31520000000002
-6.30560000000001
-6.29600000000001
-6.28640000000001
-6.27680000000001
-6.26720000000001
-6.25760000000001
-6.24800000000001
-6.23840000000001
-6.22880000000001
-6.21920000000001
-6.20960000000001
-6.20000000000001
-6.19040000000001
-6.18080000000001
-6.17120000000001
-6.16160000000001
-6.15200000000001
-6.14240000000001
-6.13280000000001
-6.12320000000001
-6.11360000000001
-6.10400000000001
-6.09440000000001
-6.08480000000001
-6.07520000000001
-6.06560000000001
-6.05600000000001
-6.04640000000001
-6.03680000000001
-6.02720000000001
-6.01760000000001
-6.00800000000001
-5.99840000000001
-5.98880000000001
-5.97920000000001
-5.96960000000001
-5.96000000000001
-5.95040000000001
-5.94080000000001
-5.93120000000001
-5.92160000000001
-5.91200000000001
-5.90240000000001
-5.89280000000001
-5.88320000000001
-5.87360000000001
-5.86400000000001
-5.85440000000001
-5.84480000000001
-5.83520000000001
-5.82560000000001
-5.81600000000001
-5.80640000000001
-5.79680000000001
-5.78720000000001
-5.77760000000001
-5.76800000000001
-5.75840000000001
-5.74880000000001
-5.73920000000001
-5.72960000000001
-5.72000000000001
-5.71040000000001
-5.70080000000001
-5.69120000000001
-5.68160000000001
-5.67200000000001
-5.66240000000001
-5.65280000000001
-5.64320000000001
-5.63360000000001
-5.62400000000001
-5.61440000000001
-5.60480000000001
-5.59520000000001
-5.58560000000001
-5.57600000000001
-5.56640000000001
-5.55680000000001
-5.54720000000001
-5.53760000000001
-5.52800000000001
-5.51840000000001
-5.50880000000001
-5.49920000000001
-5.48960000000001
-5.48000000000001
-5.47040000000001
-5.46080000000001
-5.45120000000001
-5.44160000000001
-5.43200000000001
-5.42240000000001
-5.41280000000001
-5.40320000000001
-5.39360000000001
-5.38400000000001
-5.37440000000001
-5.36480000000001
-5.35520000000001
-5.34560000000001
-5.33600000000001
-5.32640000000001
-5.31680000000001
-5.30720000000001
-5.29760000000001
-5.28800000000001
-5.27840000000001
-5.26880000000001
-5.25920000000001
-5.24960000000001
-5.24000000000001
-5.23040000000001
-5.22080000000001
-5.21120000000001
-5.20160000000001
-5.19200000000001
-5.18240000000001
-5.17280000000001
-5.16320000000001
-5.15360000000001
-5.14400000000001
-5.13440000000001
-5.12480000000001
-5.11520000000001
-5.10560000000001
-5.09600000000001
-5.08640000000001
-5.07680000000001
-5.06720000000001
-5.05760000000001
-5.04800000000001
-5.03840000000001
-5.02880000000001
-5.01920000000001
-5.00960000000001
-5.00000000000001
-4.99040000000001
-4.98080000000001
-4.97120000000001
-4.96160000000001
-4.95200000000001
-4.94240000000001
-4.93280000000001
-4.92320000000001
-4.91360000000001
-4.90400000000001
-4.89440000000001
-4.88480000000001
-4.87520000000001
-4.86560000000001
-4.85600000000001
-4.84640000000001
-4.83680000000001
-4.82720000000001
-4.81760000000001
-4.80800000000001
-4.79840000000001
-4.78880000000001
-4.77920000000001
-4.76960000000001
-4.76000000000001
-4.75040000000001
-4.74080000000001
-4.73120000000001
-4.72160000000001
-4.71200000000001
-4.70240000000001
-4.69280000000001
-4.68320000000001
-4.67360000000001
-4.66400000000001
-4.65440000000001
-4.64480000000001
-4.63520000000001
-4.62560000000001
-4.61600000000001
-4.60640000000001
-4.59680000000001
-4.58720000000001
-4.57760000000001
-4.56800000000001
-4.55840000000001
-4.54880000000001
-4.53920000000001
-4.52960000000001
-4.52000000000001
-4.51040000000001
-4.50080000000001
-4.49120000000001
-4.48160000000001
-4.47200000000001
-4.46240000000001
-4.45280000000001
-4.44320000000001
-4.43360000000001
-4.42400000000001
-4.41440000000001
-4.40480000000001
-4.39520000000001
-4.38560000000001
-4.37600000000001
-4.36640000000001
-4.35680000000001
-4.34720000000001
-4.33760000000001
-4.32800000000001
-4.31840000000001
-4.30880000000001
-4.29920000000001
-4.28960000000001
-4.28000000000001
-4.27040000000001
-4.26080000000001
-4.25120000000001
-4.24160000000001
-4.23200000000001
-4.22240000000001
-4.21280000000001
-4.20320000000001
-4.19360000000001
-4.18400000000001
-4.17440000000001
-4.16480000000001
-4.15520000000001
-4.14560000000001
-4.13600000000001
-4.12640000000001
-4.11680000000001
-4.10720000000001
-4.09760000000001
-4.08800000000001
-4.07840000000001
-4.06880000000001
-4.05920000000001
-4.04960000000001
-4.04000000000001
-4.03040000000001
-4.02080000000001
-4.01120000000001
-4.00160000000001
-3.99200000000001
-3.98240000000001
-3.97280000000001
-3.96320000000001
-3.95360000000001
-3.94400000000001
-3.93440000000001
-3.92480000000001
-3.91520000000001
-3.90560000000001
-3.89600000000001
-3.88640000000001
-3.87680000000001
-3.86720000000001
-3.85760000000001
-3.84800000000001
-3.83840000000001
-3.82880000000001
-3.81920000000001
-3.80960000000001
-3.80000000000001
-3.79040000000001
-3.78080000000001
-3.77120000000001
-3.76160000000001
-3.75200000000001
-3.74240000000001
-3.73280000000001
-3.72320000000001
-3.71360000000001
-3.70400000000001
-3.69440000000001
-3.68480000000001
-3.67520000000001
-3.66560000000001
-3.65600000000001
-3.64640000000001
-3.63680000000001
-3.62720000000001
-3.6176
-3.608
-3.59840000000001
-3.58880000000001
-3.5792
-3.5696
-3.56
-3.55040000000001
-3.54080000000001
-3.5312
-3.5216
-3.512
-3.50240000000001
-3.4928
-3.4832
-3.4736
-3.464
-3.45440000000001
-3.4448
-3.4352
-3.4256
-3.416
-3.4064
-3.3968
-3.3872
-3.3776
-3.368
-3.3584
-3.3488
-3.3392
-3.3296
-3.32
-3.3104
-3.3008
-3.2912
-3.2816
-3.272
-3.2624
-3.2528
-3.2432
-3.2336
-3.224
-3.2144
-3.2048
-3.1952
-3.1856
-3.176
-3.1664
-3.1568
-3.1472
-3.1376
-3.128
-3.1184
-3.1088
-3.0992
-3.0896
-3.08
-3.0704
-3.0608
-3.0512
-3.0416
-3.032
-3.0224
-3.0128
-3.0032
-2.9936
-2.984
-2.9744
-2.9648
-2.9552
-2.9456
-2.936
-2.9264
-2.9168
-2.9072
-2.8976
-2.888
-2.8784
-2.8688
-2.8592
-2.8496
-2.84
-2.8304
-2.8208
-2.8112
-2.8016
-2.792
-2.7824
-2.7728
-2.7632
-2.7536
-2.744
-2.7344
-2.7248
-2.7152
-2.7056
-2.696
-2.6864
-2.6768
-2.6672
-2.6576
-2.648
-2.6384
-2.6288
-2.6192
-2.6096
-2.6
-2.5904
-2.5808
-2.5712
-2.5616
-2.552
-2.5424
-2.5328
-2.5232
-2.5136
-2.504
-2.4944
-2.4848
-2.4752
-2.4656
-2.456
-2.4464
-2.4368
-2.4272
-2.4176
-2.408
-2.3984
-2.3888
-2.3792
-2.3696
-2.36
-2.3504
-2.3408
-2.3312
-2.3216
-2.312
-2.3024
-2.2928
-2.2832
-2.2736
-2.264
-2.2544
-2.2448
-2.2352
-2.2256
-2.216
-2.2064
-2.1968
-2.1872
-2.1776
-2.168
-2.1584
-2.1488
-2.1392
-2.1296
-2.12
-2.1104
-2.1008
-2.0912
-2.0816
-2.072
-2.0624
-2.0528
-2.0432
-2.0336
-2.024
-2.0144
-2.0048
-1.9952
-1.9856
-1.976
-1.9664
-1.9568
-1.9472
-1.9376
-1.928
-1.9184
-1.9088
-1.8992
-1.8896
-1.88
-1.8704
-1.8608
-1.8512
-1.8416
-1.832
-1.8224
-1.8128
-1.8032
-1.7936
-1.784
-1.7744
-1.7648
-1.7552
-1.7456
-1.736
-1.7264
-1.7168
-1.7072
-1.6976
-1.688
-1.6784
-1.6688
-1.6592
-1.6496
-1.64
-1.6304
-1.6208
-1.6112
-1.6016
-1.592
-1.5824
-1.5728
-1.5632
-1.5536
-1.544
-1.5344
-1.5248
-1.5152
-1.5056
-1.496
-1.4864
-1.4768
-1.4672
-1.4576
-1.448
-1.4384
-1.4288
-1.4192
-1.4096
-1.4
-1.3904
-1.3808
-1.3712
-1.3616
-1.352
-1.3424
-1.3328
-1.3232
-1.3136
-1.304
-1.2944
-1.2848
-1.2752
-1.2656
-1.256
-1.2464
-1.2368
-1.2272
-1.2176
-1.208
-1.1984
-1.1888
-1.1792
-1.1696
-1.16
-1.1504
-1.1408
-1.1312
-1.1216
-1.112
-1.1024
-1.0928
-1.0832
-1.0736
-1.064
-1.0544
-1.0448
-1.0352
-1.0256
-1.016
-1.0064
-0.996799999999996
-0.987199999999996
-0.977599999999996
-0.967999999999996
-0.958399999999996
-0.948799999999996
-0.939199999999996
-0.929599999999995
-0.919999999999995
-0.910399999999996
-0.900799999999996
-0.891199999999996
-0.881599999999995
-0.871999999999995
-0.862399999999996
-0.852799999999996
-0.843199999999995
-0.833599999999995
-0.823999999999995
-0.814399999999996
-0.804799999999995
-0.795199999999995
-0.785599999999995
-0.775999999999995
-0.766399999999996
-0.756799999999995
-0.747199999999995
-0.737599999999995
-0.727999999999995
-0.718399999999995
-0.708799999999995
-0.699199999999995
-0.689599999999995
-0.679999999999994
-0.670399999999995
-0.660799999999995
-0.651199999999995
-0.641599999999995
-0.631999999999994
-0.622399999999995
-0.612799999999995
-0.603199999999995
-0.593599999999995
-0.583999999999994
-0.574399999999994
-0.564799999999995
-0.555199999999994
-0.545599999999995
-0.535999999999994
-0.526399999999994
-0.516799999999995
-0.507199999999994
-0.497599999999995
-0.487999999999994
-0.478399999999993
-0.468799999999995
-0.459199999999994
-0.449599999999993
-0.439999999999994
-0.430399999999993
-0.420799999999995
-0.411199999999994
-0.401599999999993
-0.391999999999994
-0.382399999999993
-0.372799999999994
-0.363199999999994
-0.353599999999993
-0.343999999999994
-0.334399999999993
-0.324799999999994
-0.315199999999994
-0.305599999999993
-0.295999999999994
-0.286399999999993
-0.276799999999993
-0.267199999999994
-0.257599999999993
-0.247999999999994
-0.238399999999993
-0.228799999999993
-0.219199999999994
-0.209599999999993
-0.199999999999994
-0.190399999999993
-0.180799999999993
-0.171199999999994
-0.161599999999993
-0.151999999999992
-0.142399999999993
-0.132799999999992
-0.123199999999994
-0.113599999999993
-0.103999999999992
-0.0943999999999932
-0.0847999999999924
-0.0751999999999935
-0.0655999999999928
-0.0559999999999921
-0.0463999999999931
-0.0367999999999924
-0.0271999999999917
-0.0175999999999927
-0.00799999999999201
0.00160000000000693
0.0112000000000076
0.0208000000000084
0.0304000000000073
0.040000000000008
0.049600000000007
0.0592000000000077
0.0688000000000084
0.0784000000000074
0.0880000000000081
0.0976000000000088
0.107200000000008
0.116800000000008
0.126400000000007
0.136000000000008
0.145600000000009
0.155200000000008
0.164800000000008
0.174400000000007
0.184000000000008
0.193600000000009
0.203200000000008
0.212800000000009
0.222400000000009
0.232000000000008
0.241600000000009
0.251200000000008
0.260800000000009
0.270400000000009
0.280000000000008
0.289600000000009
0.299200000000008
0.308800000000009
0.318400000000009
0.328000000000008
0.337600000000009
0.347200000000008
0.356800000000009
0.366400000000009
0.376000000000008
0.385600000000009
0.39520000000001
0.404800000000009
0.414400000000009
0.424000000000008
0.433600000000009
0.44320000000001
0.452800000000009
0.462400000000009
0.472000000000008
0.481600000000009
0.49120000000001
0.500800000000009
0.51040000000001
0.52000000000001
0.529600000000009
0.53920000000001
0.548800000000009
0.55840000000001
0.56800000000001
0.577600000000009
0.58720000000001
0.596800000000009
0.60640000000001
0.61600000000001
0.625600000000009
0.63520000000001
0.644800000000011
0.65440000000001
0.66400000000001
0.673600000000009
0.68320000000001
0.692800000000011
0.70240000000001
0.71200000000001
0.721600000000009
0.73120000000001
0.740800000000011
0.75040000000001
0.76000000000001
0.769600000000011
0.77920000000001
0.788800000000011
0.79840000000001
0.80800000000001
0.817600000000011
0.82720000000001
0.836800000000011
0.84640000000001
0.856000000000011
0.865600000000011
0.87520000000001
0.884800000000011
0.894400000000012
0.904000000000011
0.913600000000011
0.92320000000001
0.932800000000011
0.942400000000012
0.952000000000011
0.961600000000011
0.97120000000001
0.980800000000011
0.990400000000012
1.00000000000001
1.00960000000001
1.01920000000001
1.02880000000001
1.03840000000001
1.04800000000001
1.05760000000001
1.06720000000001
1.07680000000001
1.08640000000001
1.09600000000001
1.10560000000001
1.11520000000001
1.12480000000001
1.13440000000001
1.14400000000001
1.15360000000001
1.16320000000001
1.17280000000001
1.18240000000001
1.19200000000001
1.20160000000001
1.21120000000001
1.22080000000001
1.23040000000001
1.24000000000001
1.24960000000001
1.25920000000001
1.26880000000001
1.27840000000001
1.28800000000001
1.29760000000001
1.30720000000001
1.31680000000001
1.32640000000001
1.33600000000001
1.34560000000001
1.35520000000001
1.36480000000001
1.37440000000001
1.38400000000001
1.39360000000001
1.40320000000001
1.41280000000001
1.42240000000001
1.43200000000001
1.44160000000001
1.45120000000001
1.46080000000001
1.47040000000001
1.48000000000001
1.48960000000001
1.49920000000001
1.50880000000001
1.51840000000001
1.52800000000001
1.53760000000001
1.54720000000001
1.55680000000001
1.56640000000001
1.57600000000001
1.58560000000001
1.59520000000001
1.60480000000001
1.61440000000001
1.62400000000001
1.63360000000001
1.64320000000001
1.65280000000001
1.66240000000001
1.67200000000001
1.68160000000001
1.69120000000001
1.70080000000001
1.71040000000001
1.72000000000001
1.72960000000001
1.73920000000001
1.74880000000001
1.75840000000001
1.76800000000001
1.77760000000001
1.78720000000001
1.79680000000001
1.80640000000001
1.81600000000001
1.82560000000001
1.83520000000001
1.84480000000001
1.85440000000001
1.86400000000001
1.87360000000001
1.88320000000001
1.89280000000001
1.90240000000001
1.91200000000002
1.92160000000001
1.93120000000001
1.94080000000001
1.95040000000001
1.96000000000002
1.96960000000001
1.97920000000001
1.98880000000002
1.99840000000001
2.00800000000002
2.01760000000001
2.02720000000001
2.03680000000002
2.04640000000001
2.05600000000002
2.06560000000001
2.07520000000001
2.08480000000002
2.09440000000001
2.10400000000002
2.11360000000002
2.12320000000001
2.13280000000002
2.14240000000001
2.15200000000002
2.16160000000002
2.17120000000001
2.18080000000002
2.19040000000001
2.20000000000002
2.20960000000002
2.21920000000001
2.22880000000002
2.23840000000001
2.24800000000002
2.25760000000002
2.26720000000001
2.27680000000002
2.28640000000002
2.29600000000002
2.30560000000002
2.31520000000002
2.32480000000002
2.33440000000002
2.34400000000002
2.35360000000002
2.36320000000002
2.37280000000002
2.38240000000002
2.39200000000002
2.40160000000002
2.41120000000002
2.42080000000002
2.43040000000002
2.44000000000002
2.44960000000002
2.45920000000002
2.46880000000002
2.47840000000002
2.48800000000002
2.49760000000002
2.50720000000002
2.51680000000002
2.52640000000002
2.53600000000002
2.54560000000002
2.55520000000002
2.56480000000002
2.57440000000002
2.58400000000002
2.59360000000002
2.60320000000002
2.61280000000002
2.62240000000002
2.63200000000002
2.64160000000002
2.65120000000002
2.66080000000002
2.67040000000002
2.68000000000002
2.68960000000002
2.69920000000002
2.70880000000002
2.71840000000002
2.72800000000002
2.73760000000002
2.74720000000002
2.75680000000002
2.76640000000002
2.77600000000002
2.78560000000002
2.79520000000002
2.80480000000002
2.81440000000002
2.82400000000002
2.83360000000002
2.84320000000002
2.85280000000002
2.86240000000002
2.87200000000002
2.88160000000002
2.89120000000002
2.90080000000002
2.91040000000002
2.92000000000002
2.92960000000002
2.93920000000002
2.94880000000002
2.95840000000002
2.96800000000002
2.97760000000002
2.98720000000002
2.99680000000002
3.00640000000002
3.01600000000002
3.02560000000002
3.03520000000002
3.04480000000002
3.05440000000002
3.06400000000002
3.07360000000002
3.08320000000002
3.09280000000002
3.10240000000002
3.11200000000002
3.12160000000002
3.13120000000002
3.14080000000002
3.15040000000002
3.16000000000002
3.16960000000002
3.17920000000002
3.18880000000002
3.19840000000002
3.20800000000002
3.21760000000002
3.22720000000002
3.23680000000002
3.24640000000002
3.25600000000002
3.26560000000002
3.27520000000002
3.28480000000002
3.29440000000002
3.30400000000002
3.31360000000002
3.32320000000002
3.33280000000002
3.34240000000002
3.35200000000002
3.36160000000002
3.37120000000002
3.38080000000002
3.39040000000002
3.40000000000002
3.40960000000002
3.41920000000002
3.42880000000002
3.43840000000002
3.44800000000002
3.45760000000002
3.46720000000002
3.47680000000002
3.48640000000002
3.49600000000002
3.50560000000002
3.51520000000002
3.52480000000002
3.53440000000002
3.54400000000002
3.55360000000002
3.56320000000002
3.57280000000002
3.58240000000002
3.59200000000002
3.60160000000002
3.61120000000002
3.62080000000002
3.63040000000002
3.64000000000002
3.64960000000002
3.65920000000002
3.66880000000002
3.67840000000002
3.68800000000002
3.69760000000002
3.70720000000002
3.71680000000002
3.72640000000002
3.73600000000002
3.74560000000002
3.75520000000002
3.76480000000002
3.77440000000002
3.78400000000002
3.79360000000002
3.80320000000002
3.81280000000002
3.82240000000002
3.83200000000002
3.84160000000002
3.85120000000002
3.86080000000002
3.87040000000002
3.88000000000002
3.88960000000002
3.89920000000002
3.90880000000002
3.91840000000002
3.92800000000002
3.93760000000002
3.94720000000002
3.95680000000002
3.96640000000002
3.97600000000002
3.98560000000002
3.99520000000002
4.00480000000002
4.01440000000002
4.02400000000002
4.03360000000002
4.04320000000002
4.05280000000002
4.06240000000002
4.07200000000002
4.08160000000002
4.09120000000002
4.10080000000002
4.11040000000002
4.12000000000002
4.12960000000002
4.13920000000002
4.14880000000002
4.15840000000002
4.16800000000002
4.17760000000002
4.18720000000002
4.19680000000002
4.20640000000002
4.21600000000002
4.22560000000002
4.23520000000002
4.24480000000002
4.25440000000002
4.26400000000002
4.27360000000002
4.28320000000002
4.29280000000002
4.30240000000002
4.31200000000002
4.32160000000002
4.33120000000002
4.34080000000002
4.35040000000002
4.36000000000002
4.36960000000002
4.37920000000002
4.38880000000002
4.39840000000002
4.40800000000002
4.41760000000002
4.42720000000002
4.43680000000002
4.44640000000002
4.45600000000002
4.46560000000002
4.47520000000002
4.48480000000002
4.49440000000002
4.50400000000002
4.51360000000002
4.52320000000002
4.53280000000002
4.54240000000002
4.55200000000002
4.56160000000002
4.57120000000002
4.58080000000002
4.59040000000002
4.60000000000002
