-9.60000000000002
-9.59040000000002
-9.58080000000002
-9.57120000000002
-9.56160000000002
-9.55200000000002
-9.54240000000002
-9.53280000000002
-9.52320000000002
-9.51360000000002
-9.50400000000002
-9.49440000000002
-9.48480000000002
-9.47520000000002
-9.46560000000002
-9.45600000000002
-9.44640000000002
-9.43680000000002
-9.42720000000002
-9.41760000000002
-9.40800000000002
-9.39840000000002
-9.38880000000002
-9.37920000000002
-9.36960000000002
-9.36000000000002
-9.35040000000002
-9.34080000000002
-9.33120000000002
-9.32160000000002
-9.31200000000002
-9.30240000000002
-9.29280000000002
-9.28320000000002
-9.27360000000002
-9.26400000000002
-9.25440000000002
-9.24480000000002
-9.23520000000002
-9.22560000000002
-9.21600000000002
-9.20640000000002
-9.19680000000002
-9.18720000000002
-9.17760000000002
-9.16800000000002
-9.15840000000002
-9.14880000000002
-9.13920000000002
-9.12960000000002
-9.12000000000002
-9.11040000000002
-9.10080000000002
-9.09120000000002
-9.08160000000002
-9.07200000000002
-9.06240000000002
-9.05280000000002
-9.04320000000002
-9.03360000000002
-9.02400000000002
-9.01440000000002
-9.00480000000002
-8.99520000000002
-8.98560000000002
-8.97600000000002
-8.96640000000002
-8.95680000000002
-8.94720000000002
-8.93760000000002
-8.92800000000002
-8.91840000000002
-8.90880000000002
-8.89920000000002
-8.88960000000002
-8.88000000000002
-8.87040000000002
-8.86080000000002
-8.85120000000002
-8.84160000000002
-8.83200000000002
-8.82240000000002
-8.81280000000002
-8.80320000000002
-8.79360000000002
-8.78400000000002
-8.77440000000002
-8.76480000000002
-8.75520000000002
-8.74560000000002
-8.73600000000002
-8.72640000000002
-8.71680000000002
-8.70720000000002
-8.69760000000002
-8.68800000000002
-8.67840000000002
-8.66880000000002
-8.65920000000002
-8.64960000000002
-8.64000000000002
-8.63040000000002
-8.62080000000002
-8.61120000000002
-8.60160000000002
-8.59200000000002
-8.58240000000002
-8.57280000000002
-8.56320000000002
-8.55360000000002
-8.54400000000002
-8.53440000000002
-8.52480000000002
-8.51520000000002
-8.50560000000002
-8.49600000000002
-8.48640000000002
-8.47680000000002
-8.46720000000002
-8.45760000000002
-8.44800000000002
-8.43840000000002
-8.42880000000002
-8.41920000000002
-8.40960000000002
-8.40000000000002
-8.39040000000002
-8.38080000000002
-8.37120000000002
-8.36160000000002
-8.35200000000002
-8.34240000000002
-8.33280000000002
-8.32320000000002
-8.31360000000002
-8.30400000000002
-8.29440000000002
-8.28480000000002
-8.27520000000002
-8.26560000000002
-8.25600000000002
-8.24640000000002
-8.23680000000002
-8.22720000000002
-8.21760000000002
-8.20800000000002
-8.19840000000002
-8.18880000000002
-8.17920000000002
-8.16960000000002
-8.16000000000002
-8.15040000000002
-8.14080000000002
-8.13120000000002
-8.12160000000002
-8.11200000000002
-8.10240000000002
-8.09280000000002
-8.08320000000002
-8.07360000000002
-8.06400000000002
-8.05440000000002
-8.04480000000002
-8.03520000000002
-8.02560000000002
-8.01600000000002
-8.00640000000002
-7.99680000000002
-7.98720000000002
-7.97760000000002
-7.96800000000002
-7.95840000000002
-7.94880000000002
-7.93920000000002
-7.92960000000002
-7.92000000000002
-7.91040000000002
-7.90080000000002
-7.89120000000002
-7.88160000000002
-7.87200000000002
-7.86240000000002
-7.85280000000002
-7.84320000000002
-7.83360000000002
-7.82400000000002
-7.81440000000002
-7.80480000000002
-7.79520000000002
-7.78560000000002
-7.77600000000002
-7.76640000000002
-7.75680000000002
-7.74720000000002
-7.73760000000002
-7.72800000000002
-7.71840000000002
-7.70880000000002
-7.69920000000002
-7.68960000000002
-7.68000000000002
-7.67040000000002
-7.66080000000002
-7.65120000000002
-7.64160000000002
-7.63200000000002
-7.62240000000002
-7.61280000000002
-7.60320000000002
-7.59360000000002
-7.58400000000002
-7.57440000000002
-7.56480000000002
-7.55520000000002
-7.54560000000002
-7.53600000000002
-7.52640000000001
-7.51680000000002
-7.50720000000002
-7.49760000000002
-7.48800000000002
-7.47840000000001
-7.46880000000002
-7.45920000000002
-7.44960000000002
-7.44000000000002
-7.43040000000001
-7.42080000000001
-7.41120000000002
-7.40160000000001
-7.39200000000002
-7.38240000000001
-7.37280000000001
-7.36320000000002
-7.35360000000001
-7.34400000000002
-7.33440000000001
-7.32480000000001
-7.31520000000002
-7.30560000000001
-7.29600000000001
-7.28640000000001
-7.27680000000001
-7.26720000000001
-7.25760000000001
-7.24800000000001
-7.23840000000001
-7.22880000000001
-7.21920000000001
-7.20960000000001
-7.20000000000001
-7.19040000000001
-7.18080000000001
-7.17120000000001
-7.16160000000001
-7.15200000000001
-7.14240000000001
-7.13280000000001
-7.12320000000001
-7.11360000000001
-7.10400000000001
-7.09440000000001
-7.08480000000001
-7.07520000000001
-7.06560000000001
-7.05600000000001
-7.04640000000001
-7.03680000000001
-7.02720000000001
-7.01760000000001
-7.00800000000001
-6.99840000000001
-6.98880000000001
-6.97920000000001
-6.96960000000001
-6.96000000000001
-6.95040000000001
-6.94080000000001
-6.93120000000001
-6.92160000000001
-6.91200000000001
-6.90240000000001
-6.89280000000001
-6.88320000000001
-6.87360000000001
-6.86400000000001
-6.85440000000001
-6.84480000000001
-6.83520000000001
-6.82560000000001
-6.81600000000001
-6.80640000000001
-6.79680000000001
-6.78720000000001
-6.77760000000001
-6.76800000000001
-6.75840000000001
-6.74880000000001
-6.73920000000001
-6.72960000000001
-6.72000000000001
-6.71040000000001
-6.70080000000001
-6.69120000000001
-6.68160000000001
-6.67200000000001
-6.66240000000001
-6.65280000000001
-6.64320000000001
-6.63360000000001
-6.62400000000001
-6.61440000000001
-6.60480000000001
-6.59520000000001
-6.58560000000001
-6.57600000000001
-6.56640000000001
-6.55680000000001
-6.54720000000001
-6.53760000000001
-6.52800000000001
-6.51840000000001
-6.50880000000001
-6.49920000000001
-6.48960000000001
-6.48000000000001
-6.47040000000001
-6.46080000000001
-6.45120000000001
-6.44160000000001
-6.43200000000001
-6.42240000000001
-6.41280000000001
-6.40320000000001
-6.39360000000001
-6.38400000000001
-6.37440000000001
-6.36480000000001
-6.35520000000001
-6.34560000000001
-6.33600000000001
-6.32640000000001
-6.31680000000001
-6.30720000000001
-6.29760000000001
-6.28800000000001
-6.27840000000001
-6.26880000000001
-6.25920000000001
-6.24960000000001
-6.24000000000001
-6.23040000000001
-6.22080000000001
-6.21120000000001
-6.20160000000001
-6.19200000000001
-6.18240000000001
-6.17280000000001
-6.16320000000001
-6.15360000000001
-6.14400000000001
-6.13440000000001
-6.12480000000001
-6.11520000000001
-6.10560000000001
-6.09600000000001
-6.08640000000001
-6.07680000000001
-6.06720000000001
-6.05760000000001
-6.04800000000001
-6.03840000000001
-6.02880000000001
-6.01920000000001
-6.00960000000001
-6.00000000000001
-5.99040000000001
-5.98080000000001
-5.97120000000001
-5.96160000000001
-5.95200000000001
-5.94240000000001
-5.93280000000001
-5.92320000000001
-5.91360000000001
-5.90400000000001
-5.89440000000001
-5.88480000000001
-5.87520000000001
-5.86560000000001
-5.85600000000001
-5.84640000000001
-5.83680000000001
-5.82720000000001
-5.81760000000001
-5.80800000000001
-5.79840000000001
-5.78880000000001
-5.77920000000001
-5.76960000000001
-5.76000000000001
-5.75040000000001
-5.74080000000001
-5.73120000000001
-5.72160000000001
-5.71200000000001
-5.70240000000001
-5.69280000000001
-5.68320000000001
-5.67360000000001
-5.66400000000001
-5.65440000000001
-5.64480000000001
-5.63520000000001
-5.62560000000001
-5.61600000000001
-5.60640000000001
-5.59680000000001
-5.58720000000001
-5.57760000000001
-5.56800000000001
-5.55840000000001
-5.54880000000001
-5.53920000000001
-5.52960000000001
-5.52000000000001
-5.51040000000001
-5.50080000000001
-5.49120000000001
-5.48160000000001
-5.47200000000001
-5.46240000000001
-5.45280000000001
-5.44320000000001
-5.43360000000001
-5.42400000000001
-5.41440000000001
-5.40480000000001
-5.39520000000001
-5.38560000000001
-5.37600000000001
-5.36640000000001
-5.35680000000001
-5.34720000000001
-5.33760000000001
-5.32800000000001
-5.31840000000001
-5.30880000000001
-5.29920000000001
-5.28960000000001
-5.28000000000001
-5.27040000000001
-5.26080000000001
-5.25120000000001
-5.24160000000001
-5.23200000000001
-5.22240000000001
-5.21280000000001
-5.20320000000001
-5.19360000000001
-5.18400000000001
-5.17440000000001
-5.16480000000001
-5.15520000000001
-5.14560000000001
-5.13600000000001
-5.12640000000001
-5.11680000000001
-5.10720000000001
-5.09760000000001
-5.08800000000001
-5.07840000000001
-5.06880000000001
-5.05920000000001
-5.04960000000001
-5.04000000000001
-5.03040000000001
-5.02080000000001
-5.01120000000001
-5.00160000000001
-4.99200000000001
-4.98240000000001
-4.97280000000001
-4.96320000000001
-4.95360000000001
-4.94400000000001
-4.93440000000001
-4.92480000000001
-4.91520000000001
-4.90560000000001
-4.89600000000001
-4.88640000000001
-4.87680000000001
-4.86720000000001
-4.85760000000001
-4.84800000000001
-4.83840000000001
-4.82880000000001
-4.81920000000001
-4.80960000000001
-4.80000000000001
-4.79040000000001
-4.78080000000001
-4.77120000000001
-4.76160000000001
-4.75200000000001
-4.74240000000001
-4.73280000000001
-4.72320000000001
-4.71360000000001
-4.70400000000001
-4.69440000000001
-4.68480000000001
-4.67520000000001
-4.66560000000001
-4.65600000000001
-4.64640000000001
-4.63680000000001
-4.62720000000001
-4.6176
-4.608
-4.59840000000001
-4.58880000000001
-4.5792
-4.5696
-4.56
-4.55040000000001
-4.54080000000001
-4.5312
-4.5216
-4.512
-4.50240000000001
-4.4928
-4.4832
-4.4736
-4.464
-4.45440000000001
-4.4448
-4.4352
-4.4256
-4.416
-4.4064
-4.3968
-4.3872
-4.3776
-4.368
-4.3584
-4.3488
-4.3392
-4.3296
-4.32
-4.3104
-4.3008
-4.2912
-4.2816
-4.272
-4.2624
-4.2528
-4.2432
-4.2336
-4.224
-4.2144
-4.2048
-4.1952
-4.1856
-4.176
-4.1664
-4.1568
-4.1472
-4.1376
-4.128
-4.1184
-4.1088
-4.0992
-4.0896
-4.08
-4.0704
-4.0608
-4.0512
-4.0416
-4.032
-4.0224
-4.0128
-4.0032
-3.9936
-3.984
-3.9744
-3.9648
-3.9552
-3.9456
-3.936
-3.9264
-3.9168
-3.9072
-3.8976
-3.888
-3.8784
-3.8688
-3.8592
-3.8496
-3.84
-3.8304
-3.8208
-3.8112
-3.8016
-3.792
-3.7824
-3.7728
-3.7632
-3.7536
-3.744
-3.7344
-3.7248
-3.7152
-3.7056
-3.696
-3.6864
-3.6768
-3.6672
-3.6576
-3.648
-3.6384
-3.6288
-3.6192
-3.6096
-3.6
-3.5904
-3.5808
-3.5712
-3.5616
-3.552
-3.5424
-3.5328
-3.5232
-3.5136
-3.504
-3.4944
-3.4848
-3.4752
-3.4656
-3.456
-3.4464
-3.4368
-3.4272
-3.4176
-3.408
-3.3984
-3.3888
-3.3792
-3.3696
-3.36
-3.3504
-3.3408
-3.3312
-3.3216
-3.312
-3.3024
-3.2928
-3.2832
-3.2736
-3.264
-3.2544
-3.2448
-3.2352
-3.2256
-3.216
-3.2064
-3.1968
-3.1872
-3.1776
-3.168
-3.1584
-3.1488
-3.1392
-3.1296
-3.12
-3.1104
-3.1008
-3.0912
-3.0816
-3.072
-3.0624
-3.0528
-3.0432
-3.0336
-3.024
-3.0144
-3.0048
-2.9952
-2.9856
-2.976
-2.9664
-2.9568
-2.9472
-2.9376
-2.928
-2.9184
-2.9088
-2.8992
-2.8896
-2.88
-2.8704
-2.8608
-2.8512
-2.8416
-2.832
-2.8224
-2.8128
-2.8032
-2.7936
-2.784
-2.7744
-2.7648
-2.7552
-2.7456
-2.736
-2.7264
-2.7168
-2.7072
-2.6976
-2.688
-2.6784
-2.6688
-2.6592
-2.6496
-2.64
-2.6304
-2.6208
-2.6112
-2.6016
-2.592
-2.5824
-2.5728
-2.5632
-2.5536
-2.544
-2.5344
-2.5248
-2.5152
-2.5056
-2.496
-2.4864
-2.4768
-2.4672
-2.4576
-2.448
-2.4384
-2.4288
-2.4192
-2.4096
-2.4
-2.3904
-2.3808
-2.3712
-2.3616
-2.352
-2.3424
-2.3328
-2.3232
-2.3136
-2.304
-2.2944
-2.2848
-2.2752
-2.2656
-2.256
-2.2464
-2.2368
-2.2272
-2.2176
-2.208
-2.1984
-2.1888
-2.1792
-2.1696
-2.16
-2.1504
-2.1408
-2.1312
-2.1216
-2.112
-2.1024
-2.0928
-2.0832
-2.0736
-2.064
-2.0544
-2.0448
-2.0352
-2.0256
-2.016
-2.0064
-1.9968
-1.9872
-1.9776
-1.968
-1.9584
-1.9488
-1.9392
-1.9296
-1.92
-1.9104
-1.9008
-1.8912
-1.8816
-1.872
-1.8624
-1.8528
-1.8432
-1.8336
-1.824
-1.8144
-1.80479999999999
-1.7952
-1.7856
-1.776
-1.7664
-1.75679999999999
-1.74719999999999
-1.7376
-1.728
-1.71839999999999
-1.70879999999999
-1.69919999999999
-1.6896
-1.67999999999999
-1.67039999999999
-1.66079999999999
-1.65119999999999
-1.6416
-1.63199999999999
-1.62239999999999
-1.61279999999999
-1.60319999999999
-1.5936
-1.58399999999999
-1.57439999999999
-1.56479999999999
-1.55519999999999
-1.54559999999999
-1.53599999999999
-1.52639999999999
-1.51679999999999
-1.50719999999999
-1.49759999999999
-1.48799999999999
-1.47839999999999
-1.46879999999999
-1.45919999999999
-1.44959999999999
-1.43999999999999
-1.43039999999999
-1.42079999999999
-1.41119999999999
-1.40159999999999
-1.39199999999999
-1.38239999999999
-1.37279999999999
-1.36319999999999
-1.35359999999999
-1.34399999999999
-1.33439999999999
-1.32479999999999
-1.31519999999999
-1.30559999999999
-1.29599999999999
-1.28639999999999
-1.27679999999999
-1.26719999999999
-1.25759999999999
-1.24799999999999
-1.23839999999999
-1.22879999999999
-1.21919999999999
-1.20959999999999
-1.19999999999999
-1.19039999999999
-1.18079999999999
-1.17119999999999
-1.16159999999999
-1.15199999999999
-1.14239999999999
-1.13279999999999
-1.12319999999999
-1.11359999999999
-1.10399999999999
-1.09439999999999
-1.08479999999999
-1.07519999999999
-1.06559999999999
-1.05599999999999
-1.04639999999999
-1.03679999999999
-1.02719999999999
-1.01759999999999
-1.00799999999999
-0.998399999999993
-0.988799999999992
-0.979199999999992
-0.969599999999993
-0.959999999999992
-0.950399999999993
-0.940799999999992
-0.931199999999992
-0.921599999999993
-0.911999999999992
-0.902399999999991
-0.892799999999992
-0.883199999999992
-0.873599999999993
-0.863999999999992
-0.854399999999991
-0.844799999999992
-0.835199999999992
-0.825599999999993
-0.815999999999992
-0.806399999999991
-0.796799999999992
-0.787199999999991
-0.777599999999991
-0.767999999999992
-0.758399999999991
-0.748799999999992
-0.739199999999991
-0.729599999999991
-0.719999999999992
-0.710399999999991
-0.700799999999992
-0.691199999999991
-0.681599999999991
-0.671999999999992
-0.662399999999991
-0.652799999999992
-0.643199999999991
-0.633599999999991
-0.623999999999992
-0.614399999999991
-0.60479999999999
-0.595199999999991
-0.585599999999991
-0.575999999999992
-0.566399999999991
-0.55679999999999
-0.547199999999991
-0.537599999999991
-0.527999999999992
-0.518399999999991
-0.50879999999999
-0.499199999999991
-0.48959999999999
-0.47999999999999
-0.470399999999991
-0.46079999999999
-0.451199999999991
-0.44159999999999
-0.43199999999999
-0.422399999999991
-0.41279999999999
-0.403199999999991
-0.39359999999999
-0.38399999999999
-0.374399999999991
-0.36479999999999
-0.355199999999989
-0.34559999999999
-0.33599999999999
-0.326399999999991
-0.31679999999999
-0.307199999999989
-0.29759999999999
-0.28799999999999
-0.278399999999991
-0.26879999999999
-0.259199999999989
-0.24959999999999
-0.23999999999999
-0.230399999999989
-0.22079999999999
-0.211199999999989
-0.20159999999999
-0.19199999999999
-0.182399999999989
-0.17279999999999
-0.163199999999989
-0.15359999999999
-0.143999999999989
-0.134399999999989
-0.12479999999999
-0.115199999999989
-0.105599999999988
-0.0959999999999894
-0.0863999999999887
-0.0767999999999898
-0.067199999999989
-0.0575999999999883
-0.0479999999999894
-0.0383999999999887
-0.0287999999999897
-0.019199999999989
-0.00959999999998828
1.06581410364015e-14
0.00960000000001138
0.0192000000000103
0.028800000000011
0.0384000000000118
0.0480000000000107
0.0576000000000114
0.0672000000000121
0.0768000000000111
0.0864000000000118
0.0960000000000107
0.105600000000011
0.115200000000012
0.124800000000011
0.134400000000012
0.144000000000011
0.153600000000012
0.163200000000012
0.172800000000011
0.182400000000012
0.192000000000013
0.201600000000012
0.211200000000012
0.220800000000011
0.230400000000012
0.240000000000013
0.249600000000012
0.259200000000012
0.268800000000011
0.278400000000012
0.288000000000013
0.297600000000012
0.307200000000012
0.316800000000013
0.326400000000012
0.336000000000013
0.345600000000012
0.355200000000012
0.364800000000013
0.374400000000012
0.384000000000013
0.393600000000012
0.403200000000012
0.412800000000013
0.422400000000012
0.432000000000013
0.441600000000014
0.451200000000012
0.460800000000013
0.470400000000012
0.480000000000013
0.489600000000014
0.499200000000013
0.508800000000013
0.518400000000012
0.528000000000013
0.537600000000014
0.547200000000013
0.556800000000013
0.566400000000012
0.576000000000013
0.585600000000014
0.595200000000013
0.604800000000013
0.614400000000014
0.624000000000013
0.633600000000014
0.643200000000013
0.652800000000013
0.662400000000014
0.672000000000013
0.681600000000014
0.691200000000013
0.700800000000013
0.710400000000014
0.720000000000013
0.729600000000014
0.739200000000015
0.748800000000013
0.758400000000014
0.768000000000013
0.777600000000014
0.787200000000015
0.796800000000013
0.806400000000014
0.816000000000013
0.825600000000014
0.835200000000015
0.844800000000014
0.854400000000014
0.864000000000015
0.873600000000014
0.883200000000015
0.892800000000014
0.902400000000014
0.912000000000015
0.921600000000014
0.931200000000015
0.940800000000014
0.950400000000014
0.960000000000015
0.969600000000014
0.979200000000015
0.988800000000015
0.998400000000014
1.00800000000002
1.01760000000001
1.02720000000001
1.03680000000002
1.04640000000001
1.05600000000002
1.06560000000001
1.07520000000001
1.08480000000002
1.09440000000001
1.10400000000002
1.11360000000002
1.12320000000001
1.13280000000002
1.14240000000001
1.15200000000002
1.16160000000002
1.17120000000001
1.18080000000002
1.19040000000001
1.20000000000002
1.20960000000002
1.21920000000001
1.22880000000002
1.23840000000001
1.24800000000002
1.25760000000002
1.26720000000001
1.27680000000002
1.28640000000002
1.29600000000002
1.30560000000002
1.31520000000002
1.32480000000002
1.33440000000002
1.34400000000002
1.35360000000002
1.36320000000002
1.37280000000002
1.38240000000002
1.39200000000002
1.40160000000002
1.41120000000002
1.42080000000002
1.43040000000002
1.44000000000002
1.44960000000002
1.45920000000002
1.46880000000002
1.47840000000002
1.48800000000002
1.49760000000002
1.50720000000002
1.51680000000002
1.52640000000002
1.53600000000002
1.54560000000002
1.55520000000002
1.56480000000002
1.57440000000002
1.58400000000002
1.59360000000002
1.60320000000002
1.61280000000002
1.62240000000002
1.63200000000002
1.64160000000002
1.65120000000002
1.66080000000002
1.67040000000002
1.68000000000002
1.68960000000002
1.69920000000002
1.70880000000002
1.71840000000002
1.72800000000002
1.73760000000002
1.74720000000002
1.75680000000002
1.76640000000002
1.77600000000002
1.78560000000002
1.79520000000002
1.80480000000002
1.81440000000002
1.82400000000002
1.83360000000002
1.84320000000002
1.85280000000002
1.86240000000002
1.87200000000002
1.88160000000002
1.89120000000002
1.90080000000002
1.91040000000002
1.92000000000002
1.92960000000002
1.93920000000002
1.94880000000002
1.95840000000002
1.96800000000002
1.97760000000002
1.98720000000002
1.99680000000002
2.00640000000002
2.01600000000002
2.02560000000002
2.03520000000002
2.04480000000002
2.05440000000002
2.06400000000002
2.07360000000002
2.08320000000002
2.09280000000002
2.10240000000002
2.11200000000002
2.12160000000002
2.13120000000002
2.14080000000002
2.15040000000002
2.16000000000002
2.16960000000002
2.17920000000002
2.18880000000002
2.19840000000002
2.20800000000002
2.21760000000002
2.22720000000002
2.23680000000002
2.24640000000002
2.25600000000002
2.26560000000002
2.27520000000002
2.28480000000002
2.29440000000002
2.30400000000002
2.31360000000002
2.32320000000002
2.33280000000002
2.34240000000002
2.35200000000002
2.36160000000002
2.37120000000002
2.38080000000002
2.39040000000002
2.40000000000002
2.40960000000002
2.41920000000002
2.42880000000002
2.43840000000002
2.44800000000002
2.45760000000002
2.46720000000002
2.47680000000002
2.48640000000002
2.49600000000002
2.50560000000002
2.51520000000002
2.52480000000002
2.53440000000002
2.54400000000002
2.55360000000002
2.56320000000002
2.57280000000002
2.58240000000002
2.59200000000002
2.60160000000002
2.61120000000002
2.62080000000002
2.63040000000002
2.64000000000002
2.64960000000002
2.65920000000002
2.66880000000002
2.67840000000002
2.68800000000002
2.69760000000002
2.70720000000002
2.71680000000002
2.72640000000002
2.73600000000002
2.74560000000002
2.75520000000002
2.76480000000002
2.77440000000002
2.78400000000002
2.79360000000002
2.80320000000002
2.81280000000002
2.82240000000002
2.83200000000002
2.84160000000002
2.85120000000002
2.86080000000002
2.87040000000002
2.88000000000002
2.88960000000002
2.89920000000002
2.90880000000002
2.91840000000002
2.92800000000002
2.93760000000002
2.94720000000002
2.95680000000002
2.96640000000002
2.97600000000002
2.98560000000002
2.99520000000002
3.00480000000002
3.01440000000002
3.02400000000002
3.03360000000002
3.04320000000002
3.05280000000002
3.06240000000002
3.07200000000002
3.08160000000002
3.09120000000002
3.10080000000002
3.11040000000002
3.12000000000002
3.12960000000002
3.13920000000002
3.14880000000002
3.15840000000002
3.16800000000002
3.17760000000002
3.18720000000002
3.19680000000002
3.20640000000002
3.21600000000002
3.22560000000002
3.23520000000002
3.24480000000002
3.25440000000002
3.26400000000002
3.27360000000002
3.28320000000002
3.29280000000002
3.30240000000002
3.31200000000002
3.32160000000002
3.33120000000002
3.34080000000002
3.35040000000002
3.36000000000002
3.36960000000002
3.37920000000002
3.38880000000002
3.39840000000002
3.40800000000002
3.41760000000002
3.42720000000002
3.43680000000002
3.44640000000002
3.45600000000002
3.46560000000002
3.47520000000002
3.48480000000002
3.49440000000002
3.50400000000002
3.51360000000002
3.52320000000002
3.53280000000002
3.54240000000002
3.55200000000002
3.56160000000002
3.57120000000002
3.58080000000002
3.59040000000002
3.60000000000002
