#DataThief C:\Users\mario\Documents\GitHub\Advanced_physics\Condense_Matter\hw6\exc_green.png Samstag 25-Okt.-2025 2:41:01 PM
51.601, 0.8754
51.6128, 0.5862
51.6247, 0.5867
51.6366, 0.8772
51.6484, 0.8777
51.6602, 0.8782
51.6721, 0.8789
51.684, 0.8795
51.6959, 0.88
51.7077, 0.8806
51.7196, 0.8812
51.7314, 0.8817
51.7431, 0.5925
51.7551, 0.593
51.767, 0.5936
51.7788, 0.5941
51.7907, 0.5948
51.8025, 0.5953
51.8144, 0.5958
51.8263, 0.5965
51.838, 0.597
51.85, 0.5976
51.8618, 0.5981
51.8737, 0.5988
51.8855, 0.5993
51.8974, 0.5998
51.9093, 0.6005
51.9211, 0.6011
51.933, 0.6016
51.9447, 0.6021
51.9567, 0.6028
51.9685, 0.6033
51.9804, 0.6038
51.9923, 0.6045
52.0041, 0.6051
52.016, 0.6056
52.0278, 0.6061
52.0397, 0.6068
52.0515, 0.6074
52.0634, 0.6078
52.0753, 0.6085
52.0871, 0.6091
52.099, 0.6096
52.1108, 0.6101
52.1227, 0.6108
52.1346, 0.9012
52.1465, 0.9018
52.1583, 0.9024
52.1702, 0.9029
52.182, 0.9035
52.1939, 0.9041
52.2058, 1.1945
52.2176, 1.1951
52.2295, 1.1957
52.2414, 1.1962
52.2532, 1.1968
52.2651, 1.1974
52.2769, 1.198
52.2888, 1.1985
52.3006, 1.1991
52.3125, 1.4895
52.3244, 1.4901
52.3363, 1.4907
52.3481, 1.4912
52.3599, 1.4918
52.3718, 1.4924
52.3837, 1.4929
52.3956, 1.4935
52.4075, 1.784
52.4193, 1.7845
52.4312, 1.7851
52.4431, 2.0755
52.4549, 2.0761
52.4668, 2.0767
52.4786, 2.0773
52.4905, 2.0778
52.5024, 2.0784
52.5142, 2.079
52.5261, 2.0796
52.5379, 2.0801
52.5497, 2.0807
52.5615, 2.0813
52.5735, 2.0818
52.5854, 2.0824
52.5973, 2.3728
52.6091, 2.3734
52.621, 2.374
52.6328, 2.3746
52.6447, 2.3751
52.6566, 2.3757
52.6684, 2.3763
52.6803, 2.3769
52.6921, 2.3774
52.704, 2.378
52.7158, 2.3786
52.7277, 2.3791
52.7396, 2.3797
52.7513, 2.3803
52.7633, 2.6707
52.7752, 2.6713
52.787, 2.6719
52.7989, 2.9623
52.8108, 2.9628
52.8226, 2.9634
52.8345, 3.2539
52.8464, 3.2544
52.8582, 3.255
52.87, 3.2556
52.882, 3.546
52.8939, 3.5466
52.8939, 3.8365
52.9058, 3.837
52.9176, 3.8376
52.9295, 3.8382
52.9414, 4.1286
52.9533, 4.1292
52.9651, 4.1297
52.9769, 4.1303
52.9889, 4.4208
53.0007, 4.4213
53.0126, 4.7118
53.0245, 4.7123
53.0364, 5.0028
53.0482, 5.0033
53.0601, 5.2938
53.072, 5.2943
53.0839, 5.2949
53.0958, 5.5853
53.1076, 5.5859
53.1195, 5.8763
53.1314, 6.1668
53.1433, 6.4572
53.1552, 6.7476
53.1671, 6.7482
53.1671, 7.0381
53.179, 7.0386
53.1908, 7.0392
53.2027, 7.3296
53.2146, 7.3302
53.2265, 7.3308
53.2383, 7.3314
53.2502, 7.3319
53.262, 7.3325
53.2739, 7.6229
53.2858, 7.6235
53.2977, 7.9139
53.3094, 7.9144
53.3214, 8.2049
53.3334, 8.4954
53.3452, 8.4959
53.3571, 8.7864
53.3572, 9.0762
53.369, 9.0768
53.3691, 9.3667
53.381, 9.6571
53.3929, 9.9475
53.3929, 10.2374
53.4048, 10.2379
53.4166, 10.2385
53.4285, 10.5289
53.4404, 10.8194
53.4523, 11.1098
53.4524, 11.3997
53.4643, 11.6901
53.4762, 11.9805
53.4762, 12.2704
53.4881, 12.271
53.4881, 12.5608
53.5, 12.8512
53.5, 13.1411
53.5119, 13.4315
53.512, 13.7214
53.5238, 13.722
53.5356, 14.0124
53.5476, 14.3028
53.5476, 14.5927
53.5596, 14.8831
53.5715, 15.1735
53.5834, 15.464
53.5953, 15.7544
53.6072, 16.0448
53.6072, 16.3347
53.6191, 16.3353
53.631, 16.6257
53.6429, 16.6263
53.6547, 16.6268
53.6548, 16.9167
53.6665, 16.9173
53.6785, 16.9178
53.6903, 16.9184
53.7022, 17.2088
53.7141, 17.4993
53.726, 17.7896
53.7261, 18.0796
53.738, 18.37
53.7499, 18.6604
53.7499, 18.9503
53.7618, 19.2407
53.7737, 19.5311
53.7856, 19.8216
53.7974, 20.112
53.7976, 20.4018
53.8094, 20.6923
53.8094, 20.9821
53.8214, 21.2726
53.8333, 21.563
53.8334, 21.8529
53.8453, 22.1433
53.8571, 22.1439
53.869, 22.4343
53.8809, 22.7247
53.8928, 23.0151
53.9047, 23.3056
53.9165, 23.596
53.9285, 23.8864
53.9404, 24.1769
53.9523, 24.4673
53.9642, 24.7577
53.9761, 25.0482
53.988, 25.3386
53.9999, 25.629
54.0118, 25.9194
54.0119, 26.2093
54.0119, 26.4992
54.0238, 26.4997
54.0238, 26.7896
54.0357, 27.08
54.0476, 27.3704
54.0594, 27.371
54.0714, 27.6615
54.0832, 27.662
54.0833, 27.9519
54.0951, 27.9525
54.0952, 28.2423
54.1071, 28.5327
54.1071, 28.8226
54.119, 29.113
54.1309, 29.4035
54.1428, 29.404
54.1547, 29.6945
54.1665, 29.6949
54.1784, 29.9855
54.1903, 30.2759
54.2022, 30.2765
54.2141, 30.5669
54.226, 30.8573
54.2379, 31.1478
54.2498, 31.4382
54.2498, 31.728
54.2617, 31.7286
54.2617, 32.0185
54.2736, 32.019
54.2854, 32.0196
54.2974, 32.31
54.3093, 32.6005
54.3093, 32.8902
54.3212, 33.1808
54.3212, 33.4706
54.3331, 33.761
54.3332, 34.0509
54.3451, 34.3413
54.3451, 34.6312
54.357, 34.9216
54.3571, 35.2115
54.369, 35.5019
54.3809, 35.7923
54.3809, 36.0822
54.381, 36.3721
54.3929, 36.6625
54.4048, 36.9529
54.4167, 37.2433
54.4285, 37.5338
54.4404, 37.5344
54.4523, 37.8248
54.4642, 38.1152
54.4761, 38.1158
54.4761, 38.4056
54.488, 38.4062
54.488, 38.6961
54.4999, 38.9865
54.5, 39.2764
54.5118, 39.2769
54.5119, 39.5668
54.5238, 39.8572
54.5238, 40.1471
54.5356, 40.1476
54.5356, 40.4375
54.5358, 40.7274
54.5476, 40.7279
54.5594, 41.0184
54.5596, 41.3082
54.5715, 41.5987
54.5834, 41.8891
54.5953, 42.1795
54.6072, 42.4699
54.6191, 42.7604
54.631, 43.0508
54.6429, 43.3412
54.6548, 43.6317
54.6667, 43.9221
54.6785, 44.2125
54.6785, 44.5024
54.6905, 44.7928
54.7024, 45.0832
54.7143, 45.3737
54.7144, 45.6635
54.7263, 45.954
54.7382, 46.2444
54.7501, 46.5348
54.7619, 46.5354
54.7738, 46.8258
54.7856, 47.1163
54.7976, 47.4067
54.7976, 47.6965
54.7976, 47.9864
54.8096, 48.2768
54.8215, 48.5673
54.8334, 48.8577
54.8453, 49.1481
54.8572, 49.4385
54.8691, 49.4391
54.8691, 49.729
54.881, 49.7295
54.8929, 50.02
54.8929, 50.3098
54.9048, 50.6002
54.9167, 50.8907
54.9167, 51.1806
54.9285, 51.1811
54.9287, 51.471
54.9405, 51.7614
54.9405, 52.0513
54.9525, 52.3417
54.9644, 52.632
54.9763, 52.9226
54.9882, 53.213
55.0001, 53.5034
55.012, 53.7938
55.012, 54.0836
55.0239, 54.0843
55.0239, 54.374
55.0358, 54.6646
55.0359, 54.9544
55.0359, 55.2443
55.0478, 55.5347
55.0597, 55.8251
55.0716, 56.1156
55.0717, 56.4054
55.0836, 56.6959
55.0836, 56.9857
55.0955, 57.2761
55.1074, 57.5666
55.1193, 57.857
55.1194, 58.1469
55.1313, 58.4373
55.1432, 58.7277
55.1551, 59.0182
55.167, 59.3086
55.1788, 59.3092
55.1789, 59.599
55.1907, 59.5996
55.1908, 59.8894
55.1908, 60.1793
55.2027, 60.1799
55.2146, 60.4703
55.2265, 60.7607
55.2384, 61.0512
55.2384, 61.341
55.2385, 61.6309
55.2504, 61.9213
55.2504, 62.2112
55.2504, 62.501
55.2623, 62.7915
55.2624, 63.0813
55.2743, 63.3717
55.2862, 63.6622
55.2981, 63.9526
55.31, 64.2429
55.3219, 64.5335
55.3338, 64.8239
55.3457, 65.1143
55.3576, 65.4047
55.3695, 65.6952
55.3814, 65.9856
55.3933, 66.276
55.3933, 66.5659
55.3934, 66.8558
55.4053, 67.1461
55.4172, 67.4365
55.4291, 67.7269
55.441, 68.0175
55.4529, 68.3079
55.4647, 68.5983
55.4647, 68.8881
55.4767, 69.1786
55.4886, 69.1792
55.4886, 69.4689
55.4887, 69.7589
55.5006, 70.0493
55.5125, 70.3397
55.5244, 70.6301
55.5244, 70.9201
55.5363, 71.2105
55.5482, 71.5009
55.5601, 71.7913
55.5602, 72.0812
55.5721, 72.3716
55.584, 72.6621
55.584, 72.9519
55.5958, 73.2423
55.6078, 73.5328
55.6078, 73.8226
55.6198, 74.1131
55.6317, 74.4035
55.6317, 74.6934
55.6436, 74.9838
55.6555, 75.2742
55.6555, 75.5641
55.6674, 75.8545
55.6793, 76.1449
55.6912, 76.4354
55.6913, 76.7252
55.7032, 77.0156
55.7151, 77.3061
55.7269, 77.5965
55.7269, 77.8864
55.7389, 78.1768
55.7508, 78.4672
55.7627, 78.7577
55.7746, 78.7582
55.7865, 79.0487
55.7984, 79.3391
55.8103, 79.6295
55.8222, 79.9199
55.8222, 80.2098
55.834, 80.5002
55.846, 80.7907
55.8578, 81.0811
55.8698, 81.3715
55.8817, 81.662
55.8818, 81.9518
55.8936, 81.9524
55.8937, 82.2422
55.9056, 82.5327
55.9175, 82.8231
55.9175, 83.113
55.9294, 83.4034
55.9413, 83.6938
55.9414, 83.9837
55.9532, 83.9842
55.9533, 84.2741
55.9651, 84.5645
55.9771, 84.855
55.9771, 85.1448
55.9771, 85.4346
55.9891, 85.725
56.001, 86.0155
56.0129, 86.306
56.0248, 86.5964
56.0248, 86.8862
56.0367, 87.1767
56.0368, 87.4665
56.0487, 87.757
56.0606, 88.0474
56.0725, 88.3378
56.0843, 88.3384
56.0844, 88.6282
56.0962, 88.6288
