#DataThief C:\Users\mario\Desktop\condense_matterex6\exb - Copy - Copy.png Samstag 25-Okt.-2025 2:15:45 PM
7.9949, 0.2585
8.0042, 0.2585
8.0134, 0.2585
8.0226, 0.2585
8.0316, 0.2609
8.0409, 0.2609
8.0501, 0.2609
8.0593, 0.2609
8.0685, 0.2609
8.0777, 0.2609
8.0869, 0.2609
8.0962, 0.2609
8.1054, 0.2609
8.1144, 0.2633
8.1236, 0.2633
8.1328, 0.2633
8.1421, 0.2633
8.1511, 0.2657
8.1602, 0.2657
8.1695, 0.2657
8.1787, 0.2657
8.1878, 0.2681
8.1968, 0.2705
8.206, 0.2705
8.2153, 0.2705
8.2245, 0.2705
8.2335, 0.2729
8.2427, 0.2729
8.2519, 0.2729
8.2612, 0.2729
8.2702, 0.2753
8.2793, 0.2753
8.2886, 0.2753
8.2977, 0.2778
8.3069, 0.2778
8.3161, 0.2778
8.3253, 0.2778
8.3345, 0.2778
8.3436, 0.2802
8.3528, 0.2802
8.362, 0.2802
8.3712, 0.2802
8.3803, 0.2826
8.3895, 0.2826
8.3987, 0.2826
8.4077, 0.285
8.417, 0.285
8.4262, 0.285
8.4354, 0.285
8.4445, 0.285
8.4538, 0.285
8.463, 0.285
8.4721, 0.2873
8.4813, 0.2873
8.4903, 0.2899
8.4994, 0.2923
8.5086, 0.2923
8.5175, 0.2947
8.5268, 0.2947
8.5359, 0.2971
8.5451, 0.2971
8.5543, 0.2971
8.5633, 0.2995
8.5726, 0.2995
8.5817, 0.2995
8.5908, 0.3019
8.6, 0.3019
8.6091, 0.3043
8.6183, 0.3043
8.6273, 0.3068
8.6364, 0.3068
8.6456, 0.3092
8.6545, 0.3115
8.6638, 0.3115
8.6731, 0.3115
8.6821, 0.314
8.6913, 0.314
8.7003, 0.3164
8.7096, 0.3164
8.7186, 0.3188
8.7278, 0.3188
8.7368, 0.3213
8.7461, 0.3213
8.7553, 0.3213
8.7643, 0.3237
8.7734, 0.3261
8.7824, 0.3285
8.7915, 0.3285
8.8007, 0.3309
8.8098, 0.3309
8.8189, 0.3333
8.8279, 0.3357
8.8372, 0.3357
8.8462, 0.3382
8.8554, 0.3382
8.8646, 0.3382
8.8737, 0.3406
8.8829, 0.3406
8.8919, 0.343
8.9012, 0.343
8.9102, 0.3454
8.9192, 0.3477
8.9284, 0.3477
8.9377, 0.3477
8.9466, 0.3502
8.9559, 0.3502
8.9649, 0.3527
8.9742, 0.3527
8.9834, 0.3527
8.9924, 0.3551
9.0016, 0.3551
9.0107, 0.3575
9.0199, 0.3575
9.0289, 0.3599
9.038, 0.3623
9.0472, 0.3623
9.0562, 0.3647
9.0653, 0.3671
9.0743, 0.3696
9.0834, 0.3719
9.0926, 0.3719
9.1016, 0.3744
9.1108, 0.3744
9.1199, 0.3768
9.1291, 0.3768
9.1381, 0.3792
9.1472, 0.3816
9.147, 0.3841
9.156, 0.3865
9.1651, 0.3889
9.1741, 0.3913
9.1831, 0.3937
9.1922, 0.3961
9.2012, 0.3986
9.2102, 0.401
9.2195, 0.401
9.2285, 0.4034
9.2375, 0.4058
9.2466, 0.4082
9.2556, 0.4106
9.2647, 0.413
9.2737, 0.4155
9.2827, 0.4179
9.2918, 0.4203
9.3008, 0.4227
9.3098, 0.4251
9.3189, 0.4275
9.3279, 0.43
9.337, 0.4324
9.346, 0.4348
9.3458, 0.4372
9.355, 0.4372
9.3549, 0.4396
9.3641, 0.4396
9.3639, 0.442
9.3729, 0.4444
9.3728, 0.4469
9.3818, 0.4493
9.3908, 0.4517
9.3907, 0.4541
9.3997, 0.4565
9.3995, 0.4588
9.4086, 0.4614
9.4176, 0.4638
9.4266, 0.4662
9.4264, 0.4686
9.4355, 0.471
9.4445, 0.4734
9.4536, 0.4758
9.4628, 0.4758
9.4718, 0.4783
9.4809, 0.4807
9.4899, 0.483
9.4989, 0.4855
9.508, 0.4879
9.5078, 0.4903
9.5168, 0.4928
9.5167, 0.4952
9.5257, 0.4976
9.5255, 0.5
9.5346, 0.5024
9.5344, 0.5048
9.5434, 0.5072
9.5432, 0.5097
9.5431, 0.5121
9.5521, 0.5145
9.5518, 0.5169
9.5516, 0.5192
9.5608, 0.5217
9.5606, 0.5242
9.5695, 0.5266
9.5695, 0.529
9.5785, 0.5314
9.5783, 0.5338
9.5874, 0.5362
9.5872, 0.5386
9.587, 0.5411
9.596, 0.5434
9.5958, 0.5459
9.6049, 0.5483
9.6047, 0.5507
9.6138, 0.5531
9.6228, 0.5556
9.6226, 0.558
9.6317, 0.5604
9.6315, 0.5628
9.6404, 0.5652
9.6404, 0.5676
9.6494, 0.5699
9.6492, 0.5725
9.649, 0.5749
9.6489, 0.5773
9.6579, 0.5796
9.6577, 0.5821
9.6575, 0.5845
9.6574, 0.587
9.6572, 0.5894
9.657, 0.5918
9.6568, 0.5941
9.6566, 0.5966
9.6564, 0.599
9.6562, 0.6014
9.6561, 0.6038
9.6559, 0.6063
9.6558, 0.6087
9.6556, 0.6111
9.6554, 0.6135
9.6552, 0.6159
9.655, 0.6183
9.6549, 0.6208
9.6547, 0.6232
9.6637, 0.6256
9.6635, 0.628
9.6634, 0.6303
9.6632, 0.6329
9.663, 0.6353
9.6721, 0.6377
9.6719, 0.6401
9.6717, 0.6425
9.6715, 0.6449
9.6713, 0.6473
9.6804, 0.6498
9.6802, 0.6522
9.68, 0.6545
9.6798, 0.657
9.6797, 0.6594
9.6795, 0.6618
9.6793, 0.6643
9.6791, 0.6667
9.679, 0.6691
9.688, 0.6715
9.6878, 0.6739
9.6876, 0.6763
9.6875, 0.6787
9.6873, 0.6812
9.6871, 0.6836
9.6961, 0.686
9.696, 0.6884
9.6958, 0.6907
9.6956, 0.6932
9.6954, 0.6957
9.6953, 0.6981
9.6951, 0.7005
9.6949, 0.7029
9.6947, 0.7053
9.6945, 0.7077
9.6944, 0.7101
9.6942, 0.7126
9.694, 0.7149
9.6938, 0.7174
9.6936, 0.7198
9.7027, 0.7222
9.7025, 0.7246
9.7023, 0.7271
9.7022, 0.7295
9.702, 0.7319
9.7018, 0.7343
9.7016, 0.7367
9.7014, 0.7391
9.7013, 0.7415
9.701, 0.744
9.7101, 0.7464
9.7099, 0.7488
9.7098, 0.7511
9.7096, 0.7536
9.7094, 0.756
9.7092, 0.7585
9.7183, 0.7609
9.7181, 0.7633
9.7179, 0.7657
9.7269, 0.7681
9.7268, 0.7705
9.7358, 0.7729
9.7449, 0.7753
9.7447, 0.7778
9.7445, 0.7802
9.7443, 0.7826
9.7441, 0.785
9.744, 0.7873
9.7438, 0.7899
9.7436, 0.7923
9.7433, 0.7947
9.7431, 0.7971
9.7431, 0.7995
9.7429, 0.8018
9.7427, 0.8043
9.7425, 0.8068
9.7424, 0.8092
9.7422, 0.8115
9.742, 0.814
9.7418, 0.8164
9.7416, 0.8188
9.7415, 0.8213
9.7505, 0.8237
9.7503, 0.826
9.7502, 0.8285
9.75, 0.8309
9.7498, 0.8333
9.7496, 0.8357
9.7494, 0.8382
9.7492, 0.8406
9.749, 0.843
9.7581, 0.8454
9.7579, 0.8477
9.7578, 0.8502
9.7576, 0.8527
9.7574, 0.8551
9.7572, 0.8575
9.757, 0.8599
9.7569, 0.8622
9.7567, 0.8647
9.7565, 0.8671
9.7563, 0.8696
9.7562, 0.8719
9.756, 0.8744
9.7558, 0.8768
9.7556, 0.8792
9.7553, 0.8816
9.7553, 0.8841
9.7551, 0.8864
9.7549, 0.8889
9.7547, 0.8913
9.7546, 0.8937
9.7544, 0.8961
9.7542, 0.8986
9.754, 0.901
9.7538, 0.9034
9.7537, 0.9058
9.7534, 0.9082
9.7532, 0.9106
9.753, 0.913
9.753, 0.9155
9.7528, 0.9179
9.7526, 0.9203
9.7524, 0.9226
9.7522, 0.9251
9.7521, 0.9275
9.7519, 0.93
9.7517, 0.9324
9.7515, 0.9348
9.7513, 0.9372
9.7511, 0.9396
9.751, 0.942
9.7508, 0.9444
9.7506, 0.9468
9.7505, 0.9493
9.7503, 0.9517
9.7501, 0.9541
9.7499, 0.9565
9.7497, 0.9588
9.7496, 0.9614
9.7494, 0.9638
9.7492, 0.9662
9.749, 0.9686
9.7489, 0.971
9.7487, 0.9734
9.7485, 0.9758
9.7483, 0.9783
9.7481, 0.9807
9.748, 0.983
9.7478, 0.9855
9.7476, 0.9879
9.7473, 0.9903
9.7567, 0.9903
9.7565, 0.9928
9.7473, 0.9928
9.738, 0.9928
9.7473, 0.9903
9.7568, 0.9879
9.7659, 0.9903
9.766, 0.9879
9.757, 0.9855
9.766, 0.9879
9.7662, 0.9855
9.7572, 0.983
9.7662, 0.9855
9.7664, 0.983
9.7574, 0.9807
9.7574, 0.9783
9.7577, 0.9758
9.7579, 0.9734
9.7581, 0.971
9.7583, 0.9686
9.7584, 0.9662
9.7586, 0.9638
9.7588, 0.9614
9.759, 0.9588
9.7591, 0.9565
9.7593, 0.9541
9.7595, 0.9517
9.7597, 0.9493
9.7599, 0.9468
9.76, 0.9444
9.7602, 0.942
9.7604, 0.9396
9.7606, 0.9372
9.7607, 0.9348
9.7609, 0.9324
9.761, 0.93
9.7612, 0.9275
9.7614, 0.9251
9.7616, 0.9226
9.7618, 0.9203
9.762, 0.9179
9.7622, 0.9155
9.7624, 0.913
9.7625, 0.9106
9.7627, 0.9082
9.7629, 0.9058
9.7631, 0.9034
9.7631, 0.901
9.7633, 0.8986
9.7635, 0.8961
9.7638, 0.8937
9.764, 0.8913
9.7641, 0.8889
9.7643, 0.8864
9.7645, 0.8841
9.7647, 0.8816
9.7648, 0.8792
9.765, 0.8768
9.7652, 0.8744
9.7654, 0.8719
9.7656, 0.8696
9.7657, 0.8671
9.7659, 0.8647
9.7661, 0.8622
9.7663, 0.8599
9.7664, 0.8575
9.7666, 0.8551
9.7668, 0.8527
9.767, 0.8502
9.7671, 0.8477
9.7673, 0.8454
9.7583, 0.843
9.7585, 0.8406
9.7587, 0.8382
9.7588, 0.8357
9.759, 0.8333
9.7591, 0.8309
9.7593, 0.8285
9.7595, 0.826
9.7597, 0.8237
9.7599, 0.8213
9.7509, 0.8188
9.751, 0.8164
9.7511, 0.814
9.7513, 0.8115
9.7516, 0.8092
9.7518, 0.8068
9.7519, 0.8043
9.7521, 0.8018
9.7523, 0.7995
9.7525, 0.7971
9.7526, 0.7947
9.7528, 0.7923
9.753, 0.7899
9.7532, 0.7873
9.7534, 0.785
9.7534, 0.7826
9.7537, 0.7802
9.7539, 0.7778
9.7541, 0.7753
9.7449, 0.7753
9.7356, 0.7753
9.7264, 0.7753
9.7266, 0.7729
9.7268, 0.7705
9.7269, 0.7681
9.7179, 0.7657
9.7181, 0.7633
9.7183, 0.7609
9.7184, 0.7585
9.7186, 0.756
9.7187, 0.7536
9.7189, 0.7511
9.7191, 0.7488
9.7193, 0.7464
9.7103, 0.744
9.7105, 0.7415
9.7107, 0.7391
9.7107, 0.7367
9.7109, 0.7343
9.7112, 0.7319
9.7114, 0.7295
9.7115, 0.7271
9.7117, 0.7246
9.7119, 0.7222
9.7029, 0.7198
9.7029, 0.7174
9.7032, 0.7149
9.7034, 0.7126
9.7036, 0.7101
9.7038, 0.7077
9.7039, 0.7053
9.7041, 0.7029
9.7043, 0.7005
9.7045, 0.6981
9.7046, 0.6957
9.7048, 0.6932
9.705, 0.6907
9.7052, 0.6884
9.7054, 0.686
9.6963, 0.6836
9.6965, 0.6812
9.6966, 0.6787
9.6968, 0.6763
9.697, 0.6739
9.6972, 0.6715
9.6882, 0.6691
9.6884, 0.6667
9.6885, 0.6643
9.6886, 0.6618
9.6888, 0.6594
9.6891, 0.657
9.6892, 0.6545
9.6894, 0.6522
9.6896, 0.6498
9.6806, 0.6473
9.6806, 0.6449
9.6808, 0.6425
9.6811, 0.6401
9.6813, 0.6377
9.6722, 0.6353
9.6724, 0.6329
9.6726, 0.6303
9.6728, 0.628
9.6729, 0.6256
9.6639, 0.6232
9.6641, 0.6208
9.6643, 0.6183
9.6644, 0.6159
9.6646, 0.6135
9.6648, 0.6111
9.665, 0.6087
9.6652, 0.6063
9.6653, 0.6038
9.6655, 0.6014
9.6657, 0.599
9.6659, 0.5966
9.666, 0.5941
9.6662, 0.5918
9.6663, 0.5894
9.6665, 0.587
9.6667, 0.5845
9.6669, 0.5821
9.6671, 0.5796
9.6581, 0.5773
9.6583, 0.5749
9.6583, 0.5725
9.6585, 0.5699
9.6588, 0.5676
9.6497, 0.5652
9.6499, 0.5628
9.6409, 0.5604
9.6411, 0.558
9.632, 0.5556
9.6322, 0.5531
9.623, 0.5531
9.6232, 0.5507
9.6141, 0.5483
9.6051, 0.5459
9.6053, 0.5434
9.5962, 0.5411
9.5964, 0.5386
9.5966, 0.5362
9.5875, 0.5338
9.5877, 0.5314
9.5787, 0.529
9.5789, 0.5266
9.579, 0.5242
9.5699, 0.5217
9.561, 0.5192
9.5611, 0.5169
9.5613, 0.5145
9.5523, 0.5121
9.5525, 0.5097
9.5526, 0.5072
9.5528, 0.5048
9.5438, 0.5024
9.544, 0.5
9.5347, 0.5
9.5349, 0.4976
9.5259, 0.4952
9.5261, 0.4928
9.5262, 0.4903
9.5171, 0.4879
9.5173, 0.4855
9.5083, 0.483
9.4993, 0.4807
9.4903, 0.4783
9.4809, 0.4783
9.4812, 0.4758
9.472, 0.4758
9.463, 0.4734
9.4538, 0.4734
9.4447, 0.471
9.4357, 0.4686
9.4266, 0.4662
9.4268, 0.4638
9.4176, 0.4638
9.4178, 0.4614
9.4087, 0.4588
9.3997, 0.4565
9.3999, 0.4541
9.3908, 0.4517
9.3818, 0.4493
9.382, 0.4469
9.3822, 0.4444
9.3822, 0.442
9.3733, 0.4396
9.3735, 0.4372
9.3644, 0.4348
9.3554, 0.4324
9.3464, 0.43
9.3373, 0.4275
9.3283, 0.4251
9.3192, 0.4227
9.3102, 0.4203
9.3012, 0.4179
9.2921, 0.4155
9.2831, 0.413
9.274, 0.4106
9.265, 0.4082
9.256, 0.4058
9.2469, 0.4034
9.2379, 0.401
9.2288, 0.3986
9.2196, 0.3986
9.2104, 0.3986
9.2106, 0.3961
9.2014, 0.3961
9.1923, 0.3937
9.1833, 0.3913
9.1741, 0.3913
9.1743, 0.3889
9.1652, 0.3865
9.156, 0.3865
9.147, 0.3841
9.1379, 0.3816
9.1289, 0.3792
9.1197, 0.3792
9.1106, 0.3768
9.1014, 0.3768
9.0924, 0.3744
9.0832, 0.3744
9.074, 0.3744
9.0649, 0.3719
9.0559, 0.3696
9.0468, 0.3671
9.0378, 0.3647
9.0288, 0.3623
9.0197, 0.3599
9.0105, 0.3599
9.0015, 0.3575
8.9923, 0.3575
8.9832, 0.3551
8.974, 0.3551
8.9647, 0.3551
8.9557, 0.3527
8.9465, 0.3527
8.9375, 0.3502
8.9283, 0.3502
8.9191, 0.3502
8.9098, 0.3502
8.9008, 0.3477
8.8918, 0.3454
8.8824, 0.3454
8.8735, 0.343
8.8643, 0.343
8.8553, 0.3406
8.846, 0.3406
8.8368, 0.3406
8.8277, 0.3382
8.8186, 0.3382
8.8094, 0.3357
8.8003, 0.3357
8.8005, 0.3333
8.7913, 0.3309
8.7822, 0.3309
8.7732, 0.3285
8.7642, 0.3261
8.7551, 0.3237
8.7459, 0.3237
8.7367, 0.3237
8.7275, 0.3237
8.7184, 0.3213
8.7092, 0.3213
8.7002, 0.3188
8.6909, 0.3188
8.6819, 0.3164
8.6726, 0.3164
8.6637, 0.314
8.6543, 0.314
8.6452, 0.314
8.6362, 0.3115
8.627, 0.3115
8.6272, 0.3092
8.6179, 0.3092
8.6089, 0.3068
8.5997, 0.3068
8.5906, 0.3043
8.5816, 0.3019
8.5724, 0.3019
8.5632, 0.3019
8.554, 0.3019
8.5449, 0.2995
8.5356, 0.2995
8.5265, 0.2995
8.5173, 0.2971
8.5082, 0.2971
8.5084, 0.2947
8.4992, 0.2947
8.4901, 0.2923
8.4811, 0.2899
8.4719, 0.2899
8.4628, 0.2873
8.4536, 0.2873
8.4444, 0.2873
8.4352, 0.2873
8.426, 0.2873
8.4168, 0.2873
8.4076, 0.2873
8.3985, 0.285
8.3893, 0.285
8.3801, 0.285
8.371, 0.2826
8.3618, 0.2826
8.3526, 0.2826
8.3434, 0.2826
8.3342, 0.2826
8.3251, 0.2802
8.3159, 0.2802
8.3067, 0.2802
8.2974, 0.2802
8.2885, 0.2778
8.2792, 0.2778
8.27, 0.2778
8.261, 0.2753
8.2518, 0.2753
8.2425, 0.2753
8.2333, 0.2753
8.2243, 0.2729
8.2151, 0.2729
8.2059, 0.2729
8.1966, 0.2729
8.1876, 0.2705
8.1786, 0.2681
8.1693, 0.2681
8.1601, 0.2681
8.1509, 0.2681
8.1419, 0.2657
8.1327, 0.2657
8.1234, 0.2657
8.1142, 0.2657
8.1052, 0.2633
8.096, 0.2633
8.0868, 0.2633
8.0775, 0.2633
8.0683, 0.2633
8.0591, 0.2633
8.0499, 0.2633
8.0407, 0.2633
8.0315, 0.2633
8.0224, 0.2609
8.0132, 0.2609
8.004, 0.2609
7.9949, 0.2585
7.9857, 0.2585
7.9765, 0.2585
7.9673, 0.2585
7.9581, 0.2585
7.9583, 0.256
7.9675, 0.256
7.9673, 0.2585
7.9579, 0.2609
7.967, 0.2609
7.9763, 0.2609
7.9765, 0.2585
7.9767, 0.256
7.9859, 0.256
7.995, 0.256
8.0043, 0.256
8.0136, 0.256
8.0228, 0.256
8.032, 0.256
8.041, 0.2585
8.0502, 0.2585
8.0594, 0.2585
8.0687, 0.2585
8.0779, 0.2585
8.0871, 0.2585
8.0963, 0.2585
8.1055, 0.2585
8.1148, 0.2585
8.1238, 0.2609
8.133, 0.2609
8.1421, 0.2609
8.1515, 0.2609
8.1605, 0.2633
8.1697, 0.2633
8.1789, 0.2633
8.1881, 0.2633
8.1972, 0.2657
8.2062, 0.2681
8.2154, 0.2681
8.2246, 0.2681
8.2339, 0.2681
8.2429, 0.2705
8.2521, 0.2705
8.2612, 0.2705
8.2706, 0.2705
8.2796, 0.2729
8.2888, 0.2729
8.298, 0.2729
8.3071, 0.2753
8.3163, 0.2753
8.3161, 0.2778
8.3253, 0.2778
8.3344, 0.2802
8.3437, 0.2778
8.353, 0.2778
8.3622, 0.2778
8.3714, 0.2778
8.3806, 0.2778
8.3897, 0.2802
8.3989, 0.2802
8.4081, 0.2802
8.4171, 0.2826
8.4263, 0.2826
8.4356, 0.2826
8.4447, 0.2826
8.454, 0.2826
8.4632, 0.2826
8.4724, 0.2826
8.4815, 0.285
8.4907, 0.285
8.4997, 0.2873
8.5088, 0.2899
8.518, 0.2899
8.527, 0.2923
8.5362, 0.2923
8.5453, 0.2947
8.5545, 0.2947
8.5636, 0.2947
8.5727, 0.2971
8.5817, 0.2995
8.5908, 0.3019
8.5998, 0.3043
8.6089, 0.3068
8.6181, 0.3068
8.6272, 0.3092
8.6364, 0.3092
8.6454, 0.3115
8.6548, 0.3092
8.664, 0.3092
8.6732, 0.3092
8.6825, 0.3092
8.6915, 0.3115
8.7006, 0.3115
8.7097, 0.314
8.7189, 0.314
8.728, 0.3164
8.7372, 0.3164
8.7463, 0.3188
8.7555, 0.3188
8.7647, 0.3188
8.7737, 0.3213
8.7828, 0.3237
8.7917, 0.3261
8.801, 0.3261
8.8101, 0.3285
8.8193, 0.3285
8.8283, 0.3309
8.8374, 0.3333
8.8464, 0.3357
8.8554, 0.3382
8.8645, 0.3406
8.8737, 0.3406
8.8827, 0.343
8.8919, 0.343
8.901, 0.3454
8.91, 0.3477
8.9191, 0.3502
8.9281, 0.3527
8.9373, 0.3527
8.9465, 0.3527
8.9556, 0.3551
8.9647, 0.3551
8.9738, 0.3575
8.983, 0.3575
8.9921, 0.3599
9.0013, 0.3599
9.0105, 0.3599
9.0195, 0.3623
9.0288, 0.3623
9.0378, 0.3647
9.047, 0.3647
9.0561, 0.3671
9.0651, 0.3696
9.0741, 0.3719
9.0835, 0.3696
9.0927, 0.3696
9.102, 0.3696
9.111, 0.3719
9.1202, 0.3719
9.1293, 0.3744
9.1385, 0.3744
9.1475, 0.3768
9.1565, 0.3792
9.1564, 0.3816
9.1654, 0.3841
9.1743, 0.3865
9.1835, 0.3889
9.1925, 0.3913
9.1923, 0.3937
9.2016, 0.3937
9.2014, 0.3961
9.2104, 0.3986
9.2102, 0.401
9.2193, 0.4034
9.2283, 0.4058
9.2374, 0.4082
9.2372, 0.4106
9.2462, 0.413
9.2553, 0.4155
9.2643, 0.4179
9.2732, 0.4203
9.2824, 0.4227
9.2913, 0.4251
9.3005, 0.4275
9.3094, 0.43
9.3185, 0.4324
9.3276, 0.4348
9.3366, 0.4372
9.3364, 0.4396
9.3455, 0.442
9.3545, 0.4444
9.3635, 0.4469
9.3634, 0.4493
9.3724, 0.4517
9.3814, 0.4541
9.3813, 0.4565
9.3902, 0.4588
9.3901, 0.4614
9.3992, 0.4638
9.4082, 0.4662
9.4172, 0.4686
9.4264, 0.4686
9.4355, 0.471
9.4445, 0.4734
9.4538, 0.4734
9.463, 0.4734
9.4722, 0.4734
9.472, 0.4758
9.4812, 0.4758
9.4809, 0.4783
9.4903, 0.4783
9.4901, 0.4807
9.499, 0.483
9.5082, 0.4855
9.508, 0.4879
9.517, 0.4903
9.5262, 0.4903
9.5352, 0.4928
9.5351, 0.4952
9.5349, 0.4976
9.544, 0.5
9.5438, 0.5024
9.5436, 0.5048
9.5526, 0.5072
9.5617, 0.5097
9.5615, 0.5121
9.5613, 0.5145
9.5704, 0.5169
9.5702, 0.5192
9.5699, 0.5217
9.5697, 0.5242
9.5604, 0.5266
9.5603, 0.529
9.5601, 0.5314
9.5691, 0.5338
9.5689, 0.5362
9.5779, 0.5386
9.5777, 0.5411
9.5776, 0.5434
9.5867, 0.5459
9.5865, 0.5483
9.5955, 0.5507
9.5953, 0.5531
9.6044, 0.5556
9.6134, 0.558
9.6132, 0.5604
9.6223, 0.5628
9.6221, 0.5652
9.6311, 0.5676
9.631, 0.5699
9.64, 0.5725
9.6398, 0.5749
9.6396, 0.5773
9.6395, 0.5796
9.6484, 0.5821
9.6482, 0.5845
9.6481, 0.587
9.648, 0.5894
9.6478, 0.5918
9.6476, 0.5941
9.6474, 0.5966
9.6473, 0.599
9.6471, 0.6014
9.6469, 0.6038
9.6467, 0.6063
9.6465, 0.6087
9.6463, 0.6111
9.6461, 0.6135
9.646, 0.6159
9.6458, 0.6183
9.6457, 0.6208
9.6455, 0.6232
9.6453, 0.6256
9.6543, 0.628
9.6542, 0.6303
9.654, 0.6329
9.6538, 0.6353
9.6536, 0.6377
9.6627, 0.6401
9.6625, 0.6425
9.6623, 0.6449
9.6621, 0.6473
9.6619, 0.6498
9.671, 0.6522
9.6707, 0.6545
9.6705, 0.657
9.6705, 0.6594
9.6703, 0.6618
9.6701, 0.6643
9.6699, 0.6667
9.6697, 0.6691
9.6696, 0.6715
9.6785, 0.6739
9.6784, 0.6763
9.6782, 0.6787
9.6781, 0.6812
9.6779, 0.6836
9.6777, 0.686
9.6775, 0.6884
9.6865, 0.6907
9.6864, 0.6932
9.6862, 0.6957
9.686, 0.6981
9.6859, 0.7005
9.6857, 0.7029
9.6855, 0.7053
9.6853, 0.7077
9.6851, 0.7101
9.685, 0.7126
9.6848, 0.7149
9.6846, 0.7174
9.6844, 0.7198
9.6843, 0.7222
9.6933, 0.7246
9.6931, 0.7271
9.6928, 0.7295
9.6928, 0.7319
9.6926, 0.7343
9.6924, 0.7367
9.6922, 0.7391
9.692, 0.7415
9.6919, 0.744
9.6917, 0.7464
9.7006, 0.7488
9.7005, 0.7511
9.7004, 0.7536
9.7002, 0.756
9.7, 0.7585
9.6998, 0.7609
9.6997, 0.7633
9.7086, 0.7657
9.7085, 0.7681
9.7083, 0.7705
9.7174, 0.7729
9.7172, 0.7753
9.7262, 0.7778
9.7353, 0.7802
9.7351, 0.7826
9.7349, 0.785
9.7347, 0.7873
9.7346, 0.7899
9.7344, 0.7923
9.7342, 0.7947
9.734, 0.7971
9.7339, 0.7995
9.7337, 0.8018
9.7335, 0.8043
9.7332, 0.8068
9.733, 0.8092
9.733, 0.8115
9.7328, 0.814
9.7326, 0.8164
9.7324, 0.8188
9.7323, 0.8213
9.7321, 0.8237
9.741, 0.826
9.7409, 0.8285
9.7408, 0.8309
9.7406, 0.8333
9.7404, 0.8357
9.7402, 0.8382
9.74, 0.8406
9.7399, 0.843
9.7397, 0.8454
9.7487, 0.8477
9.7485, 0.8502
9.7484, 0.8527
9.7482, 0.8551
9.748, 0.8575
9.7478, 0.8599
9.7477, 0.8622
9.7475, 0.8647
9.7473, 0.8671
9.7471, 0.8696
9.7469, 0.8719
9.7468, 0.8744
9.7466, 0.8768
9.7464, 0.8792
9.7462, 0.8816
9.7461, 0.8841
9.7459, 0.8864
9.7457, 0.8889
9.7455, 0.8913
9.7452, 0.8937
9.7452, 0.8961
9.745, 0.8986
9.7448, 0.901
9.7446, 0.9034
9.7445, 0.9058
9.7443, 0.9082
9.7441, 0.9106
9.7439, 0.913
9.7437, 0.9155
9.7436, 0.9179
9.7433, 0.9203
9.7431, 0.9226
9.7429, 0.9251
9.7428, 0.9275
9.7427, 0.93
9.7425, 0.9324
9.7423, 0.9348
9.7421, 0.9372
9.742, 0.9396
9.7418, 0.942
9.7416, 0.9444
9.7414, 0.9468
9.7412, 0.9493
9.741, 0.9517
9.7409, 0.9541
9.7407, 0.9565
9.7405, 0.9588
9.7404, 0.9614
9.7402, 0.9638
9.74, 0.9662
9.7398, 0.9686
9.7396, 0.971
9.7395, 0.9734
9.7393, 0.9758
9.7391, 0.9783
9.7389, 0.9807
9.7388, 0.983
9.7386, 0.9855
9.7384, 0.9879
9.7382, 0.9903
9.7476, 0.9879
9.7478, 0.9855
9.757, 0.9855
9.7572, 0.983
9.7666, 0.9807
9.7668, 0.9783
9.7669, 0.9758
9.7671, 0.9734
9.7673, 0.971
9.7675, 0.9686
9.7675, 0.9662
9.7678, 0.9638
9.768, 0.9614
9.7682, 0.9588
9.7684, 0.9565
9.7685, 0.9541
9.7687, 0.9517
9.7689, 0.9493
9.7691, 0.9468
9.7692, 0.9444
9.7694, 0.942
9.7696, 0.9396
9.7698, 0.9372
9.77, 0.9348
9.7701, 0.9324
9.7703, 0.93
9.7705, 0.9275
9.7707, 0.9251
9.7709, 0.9226
9.771, 0.9203
9.7711, 0.9179
9.7713, 0.9155
9.7715, 0.913
9.7717, 0.9106
9.7719, 0.9082
9.7721, 0.9058
9.7723, 0.9034
9.7725, 0.901
9.7726, 0.8986
9.7728, 0.8961
9.773, 0.8937
9.7732, 0.8913
9.7732, 0.8889
9.7734, 0.8864
9.7737, 0.8841
9.7739, 0.8816
9.7741, 0.8792
9.7742, 0.8768
9.7744, 0.8744
9.7746, 0.8719
9.7748, 0.8696
9.775, 0.8671
9.7751, 0.8647
9.7753, 0.8622
9.7755, 0.8599
9.7757, 0.8575
9.7758, 0.8551
9.776, 0.8527
9.7762, 0.8502
9.7764, 0.8477
9.7766, 0.8454
9.7675, 0.843
9.7677, 0.8406
9.7679, 0.8382
9.768, 0.8357
9.7682, 0.8333
9.7684, 0.8309
9.7686, 0.8285
9.7688, 0.826
9.7689, 0.8237
9.7691, 0.8213
9.7692, 0.8188
9.7603, 0.8164
9.7604, 0.814
9.7606, 0.8115
9.7608, 0.8092
9.761, 0.8068
9.761, 0.8043
9.7612, 0.8018
9.7614, 0.7995
9.7617, 0.7971
9.7619, 0.7947
9.762, 0.7923
9.7622, 0.7899
9.7624, 0.7873
9.7626, 0.785
9.7628, 0.7826
9.7629, 0.7802
9.7631, 0.7778
9.7633, 0.7753
9.7635, 0.7729
9.7635, 0.7705
9.7638, 0.7681
9.764, 0.7657
9.7642, 0.7633
9.7644, 0.7609
9.7645, 0.7585
9.7647, 0.756
9.7649, 0.7536
9.7651, 0.7511
9.7652, 0.7488
9.7654, 0.7464
9.7656, 0.744
9.7658, 0.7415
9.766, 0.7391
9.7661, 0.7367
9.7663, 0.7343
9.7572, 0.7319
9.7574, 0.7295
9.7576, 0.7271
9.7578, 0.7246
9.758, 0.7222
9.7582, 0.7198
9.7583, 0.7174
9.7585, 0.7149
9.7587, 0.7126
9.7589, 0.7101
9.7591, 0.7077
9.7591, 0.7053
9.7593, 0.7029
9.7596, 0.7005
9.7598, 0.6981
9.7599, 0.6957
9.7601, 0.6932
9.7603, 0.6907
9.7605, 0.6884
9.7607, 0.686
9.7608, 0.6836
9.761, 0.6812
9.7612, 0.6787
9.7614, 0.6763
9.7614, 0.6739
9.7617, 0.6715
9.7619, 0.6691
9.7621, 0.6667
9.7623, 0.6643
9.7624, 0.6618
9.7626, 0.6594
9.7628, 0.657
9.763, 0.6545
9.7631, 0.6522
9.7633, 0.6498
9.7635, 0.6473
9.7637, 0.6449
9.7639, 0.6425
9.764, 0.6401
9.7642, 0.6377
9.7644, 0.6353
9.7646, 0.6329
9.7648, 0.6303
9.7649, 0.628
9.7651, 0.6256
9.7652, 0.6232
9.7654, 0.6208
9.7656, 0.6183
9.7658, 0.6159
9.766, 0.6135
9.7662, 0.6111
9.7664, 0.6087
9.7665, 0.6063
9.7667, 0.6038
9.7669, 0.6014
9.7671, 0.599
9.7671, 0.5966
9.7673, 0.5941
9.7675, 0.5918
9.7678, 0.5894
9.768, 0.587
9.7681, 0.5845
9.7683, 0.5821
9.7685, 0.5796
9.7687, 0.5773
9.7689, 0.5749
9.769, 0.5725
9.7692, 0.5699
9.7694, 0.5676
9.7696, 0.5652
9.779, 0.5628
9.7791, 0.5604
9.7793, 0.558
9.7795, 0.5556
9.7797, 0.5531
9.7798, 0.5507
9.78, 0.5483
9.7802, 0.5459
9.7804, 0.5434
9.7898, 0.5411
9.79, 0.5386
9.7901, 0.5362
9.7903, 0.5338
9.7905, 0.5314
9.7907, 0.529
9.7908, 0.5266
9.791, 0.5242
9.7912, 0.5217
9.7913, 0.5192
9.7915, 0.5169
9.7917, 0.5145
9.7919, 0.5121
9.7921, 0.5097
9.7923, 0.5072
9.7924, 0.5048
9.7926, 0.5024
9.7928, 0.5
9.793, 0.4976
9.7932, 0.4952
9.7933, 0.4928
9.7934, 0.4903
9.7936, 0.4879
9.8031, 0.4855
9.8033, 0.483
9.8034, 0.4807
9.8035, 0.4783
9.8037, 0.4758
9.804, 0.4734
9.8042, 0.471
9.8043, 0.4686
9.8045, 0.4662
9.8047, 0.4638
9.8049, 0.4614
9.805, 0.4588
9.8052, 0.4565
9.8054, 0.4541
9.8056, 0.4517
9.8058, 0.4493
9.8058, 0.4469
9.8061, 0.4444
9.8063, 0.442
9.8065, 0.4396
9.8067, 0.4372
9.8068, 0.4348
9.807, 0.4324
9.8072, 0.43
9.8074, 0.4275
9.8075, 0.4251
9.8077, 0.4227
9.8079, 0.4203
9.8081, 0.4179
9.8083, 0.4155
9.8176, 0.413
9.8178, 0.4106
9.818, 0.4082
9.8182, 0.4058
9.8184, 0.4034
9.8185, 0.401
9.8187, 0.3986
9.8189, 0.3961
9.8191, 0.3937
9.8193, 0.3913
9.8194, 0.3889
9.8195, 0.3865
9.8197, 0.3841
9.8199, 0.3816
9.8201, 0.3792
9.8203, 0.3768
9.8205, 0.3744
9.8207, 0.3719
9.8209, 0.3696
9.821, 0.3671
9.8304, 0.3647
9.8306, 0.3623
9.8308, 0.3599
9.831, 0.3575
9.8311, 0.3551
9.8313, 0.3527
9.8315, 0.3502
9.8317, 0.3477
9.8319, 0.3454
9.8319, 0.343
9.8322, 0.3406
9.8324, 0.3382
9.8418, 0.3357
9.842, 0.3333
9.842, 0.3309
9.8423, 0.3285
9.8425, 0.3261
9.8519, 0.3237
9.8521, 0.3213
9.8521, 0.3188
9.8524, 0.3164
9.8526, 0.314
9.8528, 0.3115
9.853, 0.3092
9.8624, 0.3068
9.8625, 0.3043
9.8627, 0.3019
9.8629, 0.2995
9.8723, 0.2971
9.8725, 0.2947
9.8726, 0.2923
9.8728, 0.2899
9.8822, 0.2873
9.8824, 0.285
9.8826, 0.2826
9.8827, 0.2802
9.8829, 0.2778
9.8831, 0.2753
9.8833, 0.2729
9.8835, 0.2705
9.8836, 0.2681
9.8838, 0.2657
9.884, 0.2633
9.8841, 0.2609
9.8843, 0.2585
9.8845, 0.256
9.8939, 0.2536
9.8941, 0.2511
9.8942, 0.2488
9.8944, 0.2464
9.9038, 0.244
9.904, 0.2415
9.9042, 0.2391
9.9136, 0.2367
9.923, 0.2343
9.9232, 0.2319
9.9325, 0.2295
9.942, 0.2271
9.9421, 0.2246
9.9515, 0.2222
9.9517, 0.2198
9.9611, 0.2174
9.9613, 0.215
9.9707, 0.2126
9.9708, 0.2101
9.971, 0.2077
9.9712, 0.2053
9.9714, 0.2029
9.9716, 0.2005
9.9717, 0.1981
9.9719, 0.1957
9.9813, 0.1932
9.9815, 0.1908
9.9817, 0.1884
9.991, 0.186
9.9912, 0.1836
9.9914, 0.1812
10.0008, 0.1787
10.001, 0.1763
10.0104, 0.1739
10.0106, 0.1715
10.02, 0.1691
10.0294, 0.1667
10.0295, 0.1643
10.0389, 0.1618
10.0483, 0.1594
10.0577, 0.157
10.0671, 0.1546
10.0765, 0.1522
10.0767, 0.1498
10.0861, 0.1473
10.0955, 0.1449
10.0957, 0.1425
10.1051, 0.1401
10.1145, 0.1377
10.1238, 0.1353
10.1332, 0.1329
10.1334, 0.1304
10.1336, 0.128
10.1428, 0.128
10.1522, 0.1256
10.1616, 0.1232
10.1708, 0.1232
10.1802, 0.1208
10.1896, 0.1184
10.199, 0.1159
10.2084, 0.1135
10.2178, 0.1111
10.227, 0.1111
10.2364, 0.1087
10.2456, 0.1087
10.2548, 0.1087
10.2642, 0.1063
10.2736, 0.1039
10.2828, 0.1039
10.2921, 0.1039
10.3014, 0.1014
10.3107, 0.1014
10.3201, 0.099
10.3295, 0.0966
10.3387, 0.0966
10.3481, 0.0942
10.3573, 0.0942
10.3667, 0.0918
10.3759, 0.0918
10.3853, 0.0894
10.3945, 0.0894
10.4039, 0.087
10.4133, 0.0845
10.4224, 0.0845
10.4319, 0.0821
10.4411, 0.0821
10.4505, 0.0796
10.4597, 0.0796
10.4689, 0.0796
10.4783, 0.0773
10.4876, 0.0773
10.4968, 0.0773
10.5062, 0.0749
10.5154, 0.0749
10.5246, 0.0749
10.5338, 0.0749
10.543, 0.0749
10.5524, 0.0725
10.5617, 0.0725
10.5711, 0.07
10.5804, 0.0676
10.5897, 0.0676
10.5991, 0.0652
10.6082, 0.0652
10.6177, 0.0628
10.6269, 0.0628
10.6362, 0.0604
10.6455, 0.0604
10.6547, 0.0604
10.6639, 0.0604
10.6733, 0.058
10.6825, 0.058
10.6919, 0.0556
10.7012, 0.0556
10.7104, 0.0556
10.7198, 0.0531
10.729, 0.0531
10.7382, 0.0531
10.7473, 0.0531
10.7566, 0.0531
10.766, 0.0507
10.7752, 0.0507
10.7845, 0.0507
10.7936, 0.0507
10.8031, 0.0483
10.8123, 0.0483
10.8215, 0.0483
10.8307, 0.0483
10.8399, 0.0483
10.8492, 0.0483
10.8585, 0.0459
10.8678, 0.0459
10.8772, 0.0435
10.8864, 0.0435
10.8956, 0.0435
10.9048, 0.0435
10.9142, 0.0411
10.9234, 0.0411
10.9325, 0.0411
10.9419, 0.0411
10.951, 0.0411
10.9603, 0.0411
10.9695, 0.0411
10.9787, 0.0411
10.9879, 0.0411
10.9971, 0.0411
11.0064, 0.0411
11.0156, 0.0411
11.0248, 0.0411
11.0342, 0.0386
11.0434, 0.0386
11.0528, 0.0362
11.062, 0.0362
11.0712, 0.0362
11.0805, 0.0362
11.0897, 0.0362
11.0989, 0.0362
11.1083, 0.0338
11.1175, 0.0338
11.1267, 0.0338
11.1359, 0.0338
11.1452, 0.0338
11.1544, 0.0338
11.1636, 0.0338
11.173, 0.0314
11.1822, 0.0314
11.1914, 0.0314
11.2008, 0.029
11.21, 0.029
11.2192, 0.029
11.2285, 0.029
11.2377, 0.029
11.2469, 0.029
11.2561, 0.029
11.2652, 0.029
11.2747, 0.0266
11.2839, 0.0266
11.2931, 0.0266
11.3024, 0.0266
11.3115, 0.0266
11.3208, 0.0266
11.33, 0.0266
11.3392, 0.0266
11.3484, 0.0266
11.3577, 0.0266
11.3669, 0.0266
11.3761, 0.0266
11.3853, 0.0266
11.3945, 0.0266
11.4037, 0.0266
11.413, 0.0266
11.4222, 0.0266
11.4314, 0.0266
11.4405, 0.0266
11.45, 0.0242
11.4592, 0.0242
11.4684, 0.0242
11.4777, 0.0242
11.4868, 0.0242
11.4961, 0.0242
11.5053, 0.0242
11.5145, 0.0242
11.5237, 0.0242
11.533, 0.0242
11.5422, 0.0242
11.5516, 0.0217
11.5608, 0.0217
11.5699, 0.0217
11.5792, 0.0217
11.5884, 0.0217
11.5977, 0.0217
11.6069, 0.0217
11.616, 0.0217
11.6253, 0.0217
11.6345, 0.0217
11.6437, 0.0217
11.6531, 0.0193
11.6623, 0.0193
11.6716, 0.0193
11.6808, 0.0193
11.69, 0.0193
11.6992, 0.0193
11.7084, 0.0193
11.7176, 0.0193
11.7269, 0.0193
11.7361, 0.0193
11.7452, 0.0193
11.7545, 0.0193
11.7637, 0.0193
11.7729, 0.0193
11.7822, 0.0193
11.7913, 0.0193
11.8006, 0.0193
11.8098, 0.0193
11.819, 0.0193
11.8282, 0.0193
11.8375, 0.0193
11.8469, 0.0169
11.8561, 0.0169
11.8653, 0.0169
11.8745, 0.0169
11.8837, 0.0169
11.8929, 0.0169
11.9022, 0.0145
11.9116, 0.0145
11.9207, 0.0145
11.9302, 0.0121
